0.0000,1.0000,0.0000
0.0013,0.9959,0.0027
0.0000,0.0240,0.9760
0.0000,0.9949,0.0051
0.1906,0.8025,0.0069
0.0001,0.9965,0.0034
0.0000,0.9998,0.0001
0.0000,0.9994,0.0006
0.0343,0.9616,0.0041
0.0024,0.9927,0.0049
0.0000,0.9880,0.0120
0.0000,0.9979,0.0021
0.0016,0.9788,0.0196
0.0000,0.9999,0.0001
0.0000,1.0000,0.0000
0.0001,0.9999,0.0000
0.0000,0.0006,0.9994
0.0009,0.1446,0.8545
0.0000,0.9842,0.0158
0.0000,1.0000,0.0000
0.0037,0.8402,0.1561
0.0001,0.9770,0.0228
0.0001,0.9856,0.0143
0.7095,0.1780,0.1125
0.0953,0.5200,0.3846
0.0000,0.9312,0.0688
0.0000,0.0281,0.9719
0.0043,0.8159,0.1798
0.0000,0.7223,0.2777
0.0000,0.0002,0.9998
0.0234,0.1081,0.8685
0.0000,0.9993,0.0007
0.0004,0.8479,0.1517
0.0000,0.9969,0.0031
0.1351,0.8598,0.0051
0.0000,0.9589,0.0410
0.0000,0.9518,0.0482
0.0004,0.6226,0.3770
0.0000,0.0798,0.9202
0.0004,0.7077,0.2919
0.0195,0.9531,0.0274
0.2697,0.3957,0.3346
0.0000,0.3349,0.6650
0.2058,0.7409,0.0533
0.3576,0.5815,0.0609
0.0056,0.9639,0.0305
0.0018,0.8234,0.1749
0.0002,0.0364,0.9634
0.0000,0.9992,0.0008
0.0000,0.7183,0.2817
0.0013,0.9985,0.0002
0.0101,0.2215,0.7683
0.0746,0.8467,0.0787
0.0000,0.9057,0.0943
0.0003,0.9925,0.0073
0.0000,0.9281,0.0719
0.0019,0.1982,0.7999
0.2922,0.4881,0.2197
0.0000,0.9953,0.0047
0.0000,0.9950,0.0050
0.0000,0.0067,0.9933
0.0000,0.8991,0.1009
0.0000,0.9979,0.0021
0.0000,0.9588,0.0412
0.0000,0.7459,0.2541
0.0054,0.9023,0.0924
0.8200,0.1012,0.0787
0.8044,0.1728,0.0228
0.0000,0.2609,0.7391
0.0001,0.9582,0.0417
0.0000,0.3831,0.6169
0.0000,0.9978,0.0022
0.0000,0.9640,0.0360
0.0301,0.4451,0.5248
0.0000,0.0757,0.9243
0.9561,0.0288,0.0151
0.3999,0.3505,0.2495
0.7631,0.0130,0.2238
0.0001,0.9096,0.0904
0.0001,0.9978,0.0021
0.0000,0.9997,0.0003
0.0000,1.0000,0.0000
0.4322,0.4898,0.0780
0.0267,0.7869,0.1864
0.0000,0.0000,1.0000
0.0000,0.0018,0.9981
0.8172,0.1756,0.0073
0.0000,0.9987,0.0013
0.0000,0.9997,0.0003
0.0000,0.5083,0.4917
0.0058,0.6794,0.3148
0.0002,0.9692,0.0306
0.0003,0.9822,0.0175
0.0007,0.9681,0.0312
0.0000,0.9999,0.0001
0.0000,0.9940,0.0060
0.0005,0.9191,0.0805
0.0000,0.9996,0.0003
0.0000,0.9544,0.0456
0.0083,0.7036,0.2881
0.0005,0.8106,0.1889
0.0001,0.9759,0.0240
0.0000,0.0611,0.9389
0.0000,0.8013,0.1987
0.0000,0.7084,0.2916
0.0435,0.9484,0.0081
0.0000,1.0000,0.0000
0.4043,0.4416,0.1542
0.5547,0.2365,0.2088
0.8668,0.0953,0.0379
0.9736,0.0064,0.0200
0.5318,0.3327,0.1355
0.8668,0.0953,0.0379
0.0000,0.9995,0.0005
0.0000,0.9389,0.0611
0.0410,0.9267,0.0322
0.0003,0.5667,0.4330
0.4975,0.2785,0.2240
0.3731,0.4098,0.2171
0.0000,0.1609,0.8391
0.0000,0.9924,0.0076
0.0001,0.5055,0.4944
0.1644,0.0267,0.8089
0.0006,0.3314,0.6679
0.0000,0.7574,0.2426
0.0000,0.9918,0.0082
0.0000,0.1358,0.8642
0.0028,0.6931,0.3041
0.0000,0.7949,0.2051
0.0002,0.4492,0.5506
0.0000,1.0000,0.0000
0.0051,0.4371,0.5578
0.0004,0.9443,0.0553
0.0001,0.9963,0.0036
0.0082,0.9493,0.0425
0.0003,0.9832,0.0165
0.0374,0.9177,0.0448
0.5205,0.3719,0.1076
0.0000,0.9803,0.0196
0.0000,1.0000,0.0000
0.0739,0.8711,0.0550
0.8668,0.0953,0.0379
0.0000,0.9931,0.0069
0.1275,0.3472,0.5253
0.5128,0.1692,0.3180
0.0527,0.6337,0.3136
0.1389,0.7601,0.1010
0.0002,0.7142,0.2856
0.3273,0.1745,0.4981
0.0432,0.9300,0.0268
0.8819,0.0959,0.0223
0.0033,0.7592,0.2375
0.0027,0.9651,0.0322
0.2363,0.6216,0.1421
0.0015,0.8439,0.1546
0.0000,0.9437,0.0563
0.0000,0.9500,0.0500
0.0000,0.9982,0.0018
0.0000,0.9948,0.0052
0.0000,0.9480,0.0520
0.0615,0.1344,0.8041
0.0000,1.0000,0.0000
0.0106,0.9772,0.0122
0.0001,0.9963,0.0036
0.0000,0.9501,0.0499
0.1305,0.4017,0.4678
0.0694,0.5502,0.3803
0.0385,0.9452,0.0163
0.0000,0.9743,0.0256
0.0000,0.9290,0.0710
0.4671,0.4946,0.0383
0.0000,0.5022,0.4978
0.0067,0.4212,0.5721
0.0067,0.0534,0.9400
0.0021,0.0725,0.9253
0.0000,0.9492,0.0508
0.0000,0.9915,0.0085
0.0006,0.0406,0.9588
0.0000,0.9717,0.0283
0.0004,0.1040,0.8956
0.0756,0.7331,0.1913
0.0170,0.9375,0.0455
0.6248,0.3397,0.0355
0.4533,0.4358,0.1109
0.0429,0.0983,0.8588
0.2289,0.4047,0.3664
0.0030,0.9944,0.0026
0.7614,0.0932,0.1454
0.0015,0.8975,0.1010
0.0000,0.0508,0.9492
0.6246,0.3700,0.0054
0.0010,0.9980,0.0010
0.0000,0.9951,0.0048
0.0000,0.9831,0.0169
0.0000,0.9987,0.0013
0.1075,0.8603,0.0321
0.2426,0.3657,0.3917
0.0000,0.9872,0.0127
0.0000,0.9258,0.0742
0.0000,0.9999,0.0000
0.0010,0.9844,0.0146
0.0000,0.9936,0.0064
0.0000,0.9996,0.0004
0.0000,0.9997,0.0003
0.0000,0.9806,0.0194
0.0000,0.0133,0.9867
0.0038,0.3660,0.6303
0.0001,0.9931,0.0068
0.0001,0.9931,0.0068
0.2231,0.1590,0.6179
0.0000,0.9993,0.0007
0.0000,0.0029,0.9971
0.0003,0.9827,0.0171
0.0000,0.5573,0.4427
0.4160,0.5717,0.0123
0.0132,0.3052,0.6816
0.0004,0.9788,0.0207
0.0388,0.7488,0.2125
0.4450,0.4631,0.0920
0.0001,0.9779,0.0220
0.0001,0.9977,0.0022
0.0001,0.9635,0.0364
0.0004,0.2902,0.7094
0.0063,0.7780,0.2157
0.0000,0.7132,0.2868
0.0001,0.9391,0.0609
0.0000,0.9989,0.0011
0.1226,0.2317,0.6457
0.0000,1.0000,0.0000
0.0000,0.9249,0.0751
0.0000,0.9823,0.0177
0.9408,0.0361,0.0231
0.0022,0.9756,0.0223
0.0028,0.4480,0.5492
0.1121,0.8174,0.0705
0.0000,0.5803,0.4197
0.0000,0.1552,0.8448
0.0010,0.7875,0.2115
0.0000,0.9902,0.0098
0.0028,0.9761,0.0212
0.0000,0.9932,0.0068
0.0001,0.9128,0.0871
0.0281,0.0007,0.9712
0.0001,0.4092,0.5907
0.0005,0.6722,0.3273
0.0000,0.9999,0.0001
0.0000,0.0259,0.9741
0.0000,0.5779,0.4221
0.0002,0.9942,0.0056
0.1324,0.2276,0.6400
0.0000,0.9891,0.0109
0.0000,0.6800,0.3200
0.0000,0.9392,0.0608
0.0000,0.9829,0.0171
0.2797,0.6436,0.0767
0.1275,0.2447,0.6278
0.5154,0.1564,0.3282
0.0000,0.6013,0.3987
0.0000,0.9757,0.0243
0.4398,0.4697,0.0904
0.0000,0.9995,0.0005
0.0109,0.6817,0.3073
0.0000,0.5964,0.4035
0.0195,0.4473,0.5332
0.0153,0.9836,0.0011
0.5581,0.2085,0.2334
0.0003,0.9319,0.0678
0.0000,0.9895,0.0105
0.0000,0.6331,0.3669
0.0000,0.7476,0.2524
0.0001,0.4406,0.5594
0.0000,0.9995,0.0005
0.2421,0.6701,0.0878
0.2712,0.2242,0.5046
0.5284,0.4189,0.0526
0.0121,0.6016,0.3863
0.3230,0.6026,0.0744
0.3691,0.5576,0.0733
0.5077,0.1833,0.3090
0.0000,0.0137,0.9863
0.0001,0.9617,0.0383
0.0004,0.9977,0.0019
0.0030,0.3993,0.5977
0.0000,0.0152,0.9847
0.6772,0.3139,0.0089
0.4469,0.3414,0.2117
0.8655,0.0212,0.1133
0.0000,0.9896,0.0104
0.0002,0.6118,0.3880
0.0001,0.0183,0.9816
0.0000,0.7983,0.2017
0.0029,0.6933,0.3038
0.0000,0.9511,0.0489
0.0000,0.6119,0.3880
0.0000,0.7628,0.2372
0.0000,0.9890,0.0110
0.0420,0.9170,0.0410
0.0053,0.6831,0.3116
0.0000,0.9932,0.0068
0.0000,0.9978,0.0022
0.0000,0.9438,0.0562
0.0000,0.9440,0.0560
0.0003,0.9238,0.0760
0.0000,0.0985,0.9015
0.0656,0.8508,0.0836
0.0003,0.8871,0.1126
0.0000,0.0262,0.9738
0.0003,0.9082,0.0915
0.0000,0.9992,0.0008
0.0000,0.6639,0.3361
0.0066,0.0687,0.9246
0.0000,0.0070,0.9930
0.0144,0.8520,0.1336
0.0000,0.9983,0.0017
0.0000,0.9879,0.0121
0.0000,0.9999,0.0001
0.0009,0.4963,0.5028
0.0205,0.9708,0.0087
0.0079,0.8409,0.1512
0.1809,0.4597,0.3594
0.0300,0.9370,0.0330
0.0000,0.0043,0.9957
0.0000,0.9989,0.0011
0.0004,0.9984,0.0012
0.0370,0.1106,0.8524
0.0002,0.7921,0.2077
0.0000,1.0000,0.0000
0.0565,0.1215,0.8220
0.0188,0.9532,0.0279
0.0000,0.8111,0.1889
0.0000,0.9942,0.0058
0.0001,0.3605,0.6394
0.0001,0.9596,0.0403
0.0007,0.9933,0.0060
0.0254,0.9714,0.0031
0.3071,0.4866,0.2062
0.0001,0.3053,0.6945
0.0000,0.9953,0.0047
0.0000,0.5925,0.4075
0.3124,0.6771,0.0105
0.0000,0.9999,0.0001
0.0000,0.9599,0.0401
0.7252,0.0714,0.2034
0.0018,0.6995,0.2987
0.0000,0.7201,0.2799
0.0000,0.9862,0.0138
0.0164,0.0098,0.9738
0.0000,0.4748,0.5252
0.0269,0.3899,0.5831
0.0003,0.2000,0.7997
0.0000,0.5641,0.4359
0.0000,0.2747,0.7253
0.0000,0.9996,0.0004
0.0038,0.0897,0.9065
0.0007,0.6397,0.3596
0.0000,0.5082,0.4918
0.0000,0.1735,0.8265
0.0001,0.9989,0.0009
0.0000,0.9696,0.0304
0.0000,0.9998,0.0001
0.0000,0.9917,0.0083
0.0000,0.9989,0.0011
0.0004,0.9297,0.0700
0.0894,0.2873,0.6232
0.0002,0.9945,0.0053
0.0000,0.0588,0.9412
0.0003,0.9786,0.0211
0.8271,0.1622,0.0107
0.0964,0.1154,0.7882
0.0197,0.5265,0.4538
0.0017,0.9864,0.0119
0.7764,0.1326,0.0911
0.0000,0.3840,0.6160
0.0008,0.9822,0.0170
0.0000,0.7782,0.2218
0.0000,0.9410,0.0590
0.0015,0.6355,0.3630
0.0076,0.2327,0.7597
0.0000,0.8307,0.1693
0.0113,0.7811,0.2075
0.0067,0.9848,0.0085
0.0000,0.9999,0.0001
0.0000,0.9386,0.0614
0.0000,0.9544,0.0456
0.0001,0.9360,0.0639
0.0000,0.9951,0.0049
0.0033,0.9960,0.0007
0.0689,0.8392,0.0918
0.0000,0.9964,0.0036
0.0000,0.9368,0.0632
0.0003,0.8907,0.1090
0.0000,0.6942,0.3058
0.0000,0.9994,0.0006
0.0102,0.9729,0.0169
0.0026,0.4660,0.5314
0.0000,0.9908,0.0092
0.0000,0.9999,0.0001
0.0069,0.9725,0.0206
0.0014,0.9654,0.0332
0.0004,0.9994,0.0002
0.6172,0.0412,0.3415
0.0801,0.9053,0.0146
0.0003,0.9995,0.0002
0.0000,1.0000,0.0000
0.0000,1.0000,0.0000
0.0000,0.1284,0.8716
0.0000,0.9993,0.0007
0.0010,0.9860,0.0130
0.0000,0.4172,0.5828
0.0000,0.9998,0.0001
0.0003,0.2206,0.7792
0.0062,0.4320,0.5617
0.0001,0.9211,0.0787
0.0031,0.0852,0.9117
0.0745,0.9150,0.0106
0.0000,1.0000,0.0000
0.0001,0.9328,0.0672
0.0000,0.9999,0.0001
0.0000,0.9991,0.0009
0.7249,0.2112,0.0639
0.0189,0.9496,0.0315
0.0210,0.5104,0.4685
0.9144,0.0769,0.0087
0.0000,0.9976,0.0024
0.0004,0.9946,0.0050
0.0000,1.0000,0.0000
0.0001,0.9966,0.0033
0.0006,0.9628,0.0366
0.0001,0.9998,0.0001
0.0000,0.7845,0.2155
0.0000,0.9991,0.0008
0.0001,0.9804,0.0196
0.0000,0.9998,0.0002
0.0000,0.7496,0.2504
0.0005,0.2402,0.7592
0.0184,0.8080,0.1736
0.0000,0.9943,0.0057
0.0000,0.9998,0.0001
0.0000,1.0000,0.0000
0.0001,0.0271,0.9728
0.0000,0.7770,0.2230
0.0002,0.9986,0.0013
0.0028,0.0964,0.9008
0.0005,0.9922,0.0073
0.0000,0.5678,0.4322
0.0055,0.5431,0.4514
0.0000,0.9978,0.0022
0.0000,0.2581,0.7419
0.0000,0.9996,0.0003
0.3538,0.2009,0.4453
0.0000,0.9999,0.0001
0.0008,0.9989,0.0002
0.0006,0.5853,0.4141
0.0000,0.9994,0.0006
0.0021,0.6047,0.3933
0.0201,0.9381,0.0418
0.0000,0.9556,0.0444
0.0000,0.9977,0.0023
0.0012,0.8773,0.1215
0.0010,0.8622,0.1368
0.0490,0.0543,0.8966
0.0139,0.6290,0.3571
0.0000,0.4072,0.5928
0.0003,0.9309,0.0688
0.0000,0.1031,0.8969
0.0245,0.8874,0.0880
0.0000,0.3471,0.6529
0.4399,0.2241,0.3360
0.0003,0.1022,0.8974
0.0005,0.9471,0.0524
0.0000,0.6607,0.3393
0.0000,0.6637,0.3363
0.0000,0.9793,0.0207
0.0002,0.9979,0.0019
0.0001,0.9550,0.0449
0.0000,0.8451,0.1549
0.0012,0.0592,0.9397
0.0000,0.9956,0.0044
0.0000,0.9865,0.0135
0.0030,0.9926,0.0043
0.0000,0.9887,0.0113
0.7340,0.0920,0.1740
0.0000,0.8675,0.1325
0.0000,0.9995,0.0005
0.0000,0.1254,0.8746
0.0458,0.9428,0.0113
0.0000,0.9999,0.0001
0.0430,0.7894,0.1676
0.0000,0.9577,0.0422
0.0016,0.1420,0.8564
0.0912,0.6323,0.2765
0.0076,0.9737,0.0187
0.0001,0.2592,0.7407
0.0002,0.1167,0.8831
0.0273,0.9703,0.0024
0.0021,0.8517,0.1462
0.0070,0.2016,0.7914
0.0000,0.0611,0.9389
0.0000,0.0860,0.9140
0.0000,0.9987,0.0013
0.0100,0.8792,0.1108
0.0003,0.9927,0.0069
0.0005,0.8985,0.1010
0.0159,0.9389,0.0452
0.0000,0.8613,0.1387
0.0001,0.8123,0.1875
0.0000,0.9994,0.0006
0.0007,0.9992,0.0001
0.0000,0.1801,0.8199
0.0000,0.9986,0.0014
0.0002,0.6681,0.3317
0.0000,0.4299,0.5701
0.0001,0.3142,0.6857
0.0000,0.5474,0.4526
0.0000,0.9999,0.0001
0.0000,0.9207,0.0793
0.0001,0.9956,0.0043
0.0000,0.9966,0.0034
0.5740,0.3154,0.1106
0.0000,0.9938,0.0062
0.0137,0.9339,0.0525
0.0326,0.9400,0.0275
0.0005,0.8228,0.1767
0.0002,0.9962,0.0036
0.0000,1.0000,0.0000
0.0000,0.5338,0.4662
0.0000,0.4279,0.5721
0.0102,0.0029,0.9869
0.0159,0.8861,0.0979
0.0000,0.9999,0.0001
0.0000,0.9981,0.0019
0.0028,0.9927,0.0045
0.0000,0.9881,0.0119
0.0000,0.6889,0.3111
0.0000,0.8199,0.1801
0.0000,0.9876,0.0124
0.0000,0.9361,0.0639
0.0000,0.9363,0.0637
0.0023,0.9847,0.0130
0.0085,0.4814,0.5101
0.0000,0.9989,0.0011
0.0271,0.6545,0.3184
0.0001,0.7557,0.2442
0.0003,0.9850,0.0147
0.0000,0.9793,0.0207
0.0000,0.9941,0.0059
0.0009,0.9544,0.0447
0.0000,0.2515,0.7485
0.0000,0.9758,0.0242
0.0000,0.0494,0.9505
0.0047,0.9177,0.0775
0.0459,0.4655,0.4886
0.1754,0.8140,0.0106
0.0000,0.9982,0.0018
0.0000,0.0032,0.9968
0.0000,0.1233,0.8767
0.0015,0.1595,0.8390
0.1383,0.7733,0.0884
0.0000,0.9999,0.0001
0.0020,0.0017,0.9962
0.0028,0.9952,0.0020
0.0000,0.9996,0.0004
0.0000,0.9916,0.0084
0.2070,0.7886,0.0045
0.0001,0.9990,0.0009
0.0004,0.9974,0.0022
0.0000,0.9999,0.0001
0.0003,0.6649,0.3348
0.0007,0.8868,0.1125
0.0004,0.9876,0.0120
0.0000,0.9960,0.0039
0.0002,0.0789,0.9210
0.0023,0.8171,0.1806
0.0000,0.8367,0.1633
0.0000,0.9944,0.0056
0.0001,0.1558,0.8441
0.0019,0.8914,0.1067
0.1316,0.8278,0.0406
0.0000,0.9619,0.0381
0.0063,0.7488,0.2449
0.0002,0.9405,0.0593
0.0000,0.9989,0.0011
0.0001,0.9947,0.0051
0.0502,0.3687,0.5811
0.1525,0.8438,0.0037
0.0024,0.9821,0.0155
0.2251,0.7648,0.0102
0.0000,1.0000,0.0000
0.0000,0.9997,0.0003
0.0000,0.9963,0.0037
0.0000,0.2882,0.7118
0.1467,0.5510,0.3023
0.0109,0.5582,0.4309
0.1555,0.8342,0.0103
0.0000,0.2053,0.7947
0.0001,0.5631,0.4368
0.0000,0.4725,0.5274
0.0001,0.9812,0.0187
0.0000,0.9573,0.0427
0.0054,0.1269,0.8677
0.0003,0.4041,0.5956
0.0000,0.7148,0.2852
0.0000,0.9993,0.0007
0.0000,0.9988,0.0012
0.0000,0.9569,0.0430
0.0003,0.9894,0.0103
0.0030,0.8787,0.1183
0.0001,0.8958,0.1042
0.0000,0.2215,0.7785
0.0000,0.9822,0.0178
0.0000,0.2613,0.7387
0.0000,0.6253,0.3747
0.0027,0.7644,0.2329
0.0009,0.8940,0.1051
0.0000,0.9289,0.0710
0.0004,0.9977,0.0019
0.0001,0.9878,0.0121
0.0000,0.9851,0.0149
0.0001,0.1124,0.8875
0.0001,0.9576,0.0423
0.0116,0.7411,0.2473
0.0006,0.6353,0.3642
0.0000,1.0000,0.0000
0.0003,0.8186,0.1812
0.0004,0.6772,0.3224
0.0000,0.8326,0.1674
0.2049,0.7581,0.0371
0.0002,0.9630,0.0368
0.0009,0.0282,0.9710
0.3596,0.5337,0.1067
0.0000,0.9972,0.0028
0.0000,0.9321,0.0679
0.0000,0.9989,0.0011
0.0001,0.9842,0.0157
0.8979,0.1012,0.0009
0.0106,0.6344,0.3550
0.0000,0.8170,0.1830
0.0003,0.9629,0.0368
0.0559,0.8104,0.1336
0.0574,0.9379,0.0047
0.0494,0.9229,0.0277
0.0481,0.0040,0.9479
0.0000,0.9716,0.0284
0.0002,0.5299,0.4699
0.0060,0.9670,0.0270
0.0000,0.9756,0.0244
0.0000,0.7984,0.2016
0.0001,0.9949,0.0050
0.0073,0.9925,0.0002
0.0000,1.0000,0.0000
0.0000,0.9988,0.0012
0.0373,0.9189,0.0439
0.0000,0.6726,0.3274
0.0002,0.5701,0.4297
0.0135,0.3396,0.6470
0.0000,0.9662,0.0338
0.0036,0.0511,0.9453
0.0000,0.9930,0.0070
0.0035,0.6273,0.3692
0.0018,0.8928,0.1054
0.0000,0.8851,0.1149
0.0001,0.3483,0.6516
0.0000,0.8411,0.1589
0.3894,0.2417,0.3688
0.6724,0.2601,0.0676
0.4890,0.4860,0.0250
0.0012,0.4601,0.5387
0.1065,0.5224,0.3711
0.0000,0.8236,0.1764
0.0012,0.1540,0.8449
0.0030,0.7952,0.2018
0.0002,0.9980,0.0019
0.0000,0.8187,0.1813
0.0430,0.8924,0.0647
0.3498,0.1997,0.4504
0.2138,0.4669,0.3193
0.2421,0.6948,0.0631
0.0000,0.9669,0.0331
0.0015,0.9982,0.0003
0.0000,0.5809,0.4191
0.0000,0.9859,0.0141
0.0000,0.6865,0.3135
0.0000,0.9963,0.0037
0.0000,0.9999,0.0001
0.0034,0.9958,0.0008
0.0000,0.9788,0.0212
0.0001,0.2208,0.7791
0.0000,0.5126,0.4874
0.0042,0.7878,0.2080
0.0233,0.7148,0.2619
0.0000,0.9953,0.0047
0.0003,0.6432,0.3565
0.0000,1.0000,0.0000
0.0005,0.1102,0.8893
0.0000,0.6310,0.3690
0.0000,0.7494,0.2506
0.0000,0.6940,0.3060
0.0001,0.9999,0.0000
0.3124,0.4200,0.2676
0.0002,0.7861,0.2137
0.0135,0.7692,0.2173
0.0135,0.9054,0.0811
0.0000,0.2056,0.7944
0.1216,0.6680,0.2104
0.2240,0.3081,0.4679
0.0111,0.6894,0.2996
0.0740,0.5355,0.3905
0.9064,0.0135,0.0801
0.0007,0.3054,0.6938
0.0002,0.9859,0.0139
0.0147,0.9527,0.0326
0.0000,0.3981,0.6018
0.0003,0.8374,0.1624
0.0000,0.9125,0.0875
0.0000,0.4818,0.5182
0.0000,0.9969,0.0031
0.0008,0.9967,0.0025
0.0002,0.9733,0.0265
0.0000,0.9958,0.0042
0.0130,0.9806,0.0064
0.0842,0.2058,0.7100
0.0000,0.9944,0.0056
0.0122,0.3061,0.6817
0.0108,0.9445,0.0447
0.0000,0.2198,0.7801
0.0000,0.9986,0.0014
0.2551,0.7422,0.0027
0.0004,0.6174,0.3822
0.2477,0.7021,0.0503
0.0001,0.4178,0.5821
0.0000,0.9844,0.0156
0.0000,0.9999,0.0001
0.0000,1.0000,0.0000
0.0000,1.0000,0.0000
0.2319,0.7350,0.0331
0.0005,0.9929,0.0065
0.0086,0.9820,0.0094
0.0000,0.9978,0.0022
0.0003,0.9577,0.0420
0.0000,0.9939,0.0061
0.0000,0.9891,0.0109
0.0000,0.9983,0.0017
0.0000,0.9993,0.0007
0.0001,0.0624,0.9376
0.0000,0.9994,0.0006
0.0000,0.8103,0.1897
0.0081,0.2457,0.7463
0.0044,0.9955,0.0001
0.0442,0.9538,0.0021
0.0000,0.9683,0.0317
0.0000,0.9999,0.0001
0.4852,0.3485,0.1663
0.0217,0.9642,0.0140
0.0596,0.1702,0.7702
0.6356,0.1150,0.2495
0.0000,0.9998,0.0002
0.0024,0.4835,0.5141
0.0000,0.9971,0.0029
0.0000,0.9527,0.0472
0.0168,0.6187,0.3644
0.0000,0.9968,0.0032
0.0008,0.9951,0.0041
0.0000,0.0285,0.9715
0.0000,0.5971,0.4029
0.0165,0.8654,0.1181
0.0005,0.9984,0.0011
0.0000,0.9493,0.0507
0.0996,0.7960,0.1044
0.0000,0.9314,0.0686
0.0000,0.8545,0.1455
0.0068,0.0541,0.9391
0.0000,0.4331,0.5669
0.0002,0.9932,0.0066
0.7492,0.2164,0.0344
0.0000,0.9864,0.0136
0.0008,0.9947,0.0045
0.0004,0.0134,0.9862
0.6022,0.0402,0.3576
0.0000,0.0886,0.9114
0.0003,0.6705,0.3292
0.0202,0.7811,0.1987
0.0000,0.9785,0.0215
0.0000,0.9476,0.0524
0.0488,0.9496,0.0017
0.0000,0.9982,0.0018
0.0001,0.5296,0.4703
0.1395,0.1360,0.7245
0.0000,0.9142,0.0858
0.0207,0.1569,0.8224
0.0058,0.9711,0.0230
0.0095,0.2960,0.6944
0.0000,0.9928,0.0072
0.0000,0.9991,0.0009
0.0000,0.9427,0.0573
0.0001,0.4165,0.5834
0.0001,0.9769,0.0230
0.0003,0.3747,0.6250
0.0001,0.9886,0.0113
0.0000,0.9643,0.0357
0.0000,0.9540,0.0459
0.0000,0.1230,0.8770
0.0001,0.0857,0.9142
0.0002,0.9499,0.0499
0.0029,0.3232,0.6739
0.0208,0.9637,0.0155
0.0000,0.9822,0.0177
0.0001,0.9768,0.0230
0.0000,0.7398,0.2602
0.0000,0.1757,0.8243
0.0000,0.0482,0.9518
0.0087,0.9399,0.0514
0.7507,0.2456,0.0037
0.5923,0.2964,0.1113
0.0000,1.0000,0.0000
0.0000,0.9983,0.0017
0.0000,0.9999,0.0001
0.0000,0.5610,0.4390
0.0000,0.9793,0.0206
0.0000,0.8726,0.1274
0.0000,0.9999,0.0001
0.0003,0.9966,0.0031
0.0000,0.7886,0.2114
0.0000,0.1556,0.8443
0.0000,0.8892,0.1108
0.0000,0.0047,0.9953
0.0005,0.3890,0.6105
0.0038,0.9435,0.0527
0.0006,0.6399,0.3594
0.0000,0.5275,0.4725
0.0000,0.9955,0.0045
0.0000,0.2087,0.7913
0.6636,0.1674,0.1690
0.0000,1.0000,0.0000
0.0000,0.9951,0.0049
0.8668,0.0953,0.0379
0.0311,0.6070,0.3619
0.0000,0.9944,0.0056
0.0000,0.9917,0.0083
0.0754,0.9004,0.0243
0.0001,0.8784,0.1215
0.0000,0.9999,0.0001
0.0002,0.4909,0.5089
0.0103,0.9768,0.0129
0.0000,0.8878,0.1122
0.0013,0.0540,0.9447
0.0000,0.9592,0.0407
0.0000,0.2395,0.7605
0.0208,0.1439,0.8354
0.0433,0.2536,0.7030
0.2729,0.1624,0.5647
0.0000,0.9946,0.0054
0.0000,1.0000,0.0000
0.0000,0.9900,0.0100
0.1407,0.8450,0.0143
0.0011,0.6940,0.3049
0.0022,0.6551,0.3427
0.0000,0.5661,0.4339
0.0241,0.7245,0.2515
0.0000,0.9998,0.0002
0.0000,0.6172,0.3828
0.0004,0.9025,0.0971
0.0000,0.9305,0.0694
0.1925,0.8069,0.0006
0.0019,0.8973,0.1008
0.0556,0.5195,0.4249
0.0000,0.9928,0.0072
0.0012,0.0118,0.9870
0.7385,0.2549,0.0066
0.7269,0.2068,0.0663
0.0257,0.0640,0.9103
0.0053,0.0044,0.9903
0.0001,0.9998,0.0001
0.0002,0.9055,0.0944
0.0001,0.9992,0.0007
0.5145,0.4464,0.0391
0.0001,0.9957,0.0042
0.0000,0.9960,0.0040
0.0000,0.9977,0.0023
0.0000,1.0000,0.0000
0.0002,0.9366,0.0632
0.0000,0.9984,0.0016
0.0000,0.9998,0.0002
0.0000,0.9991,0.0009
0.0000,0.3135,0.6865
0.0002,0.6775,0.3223
0.0018,0.7983,0.1998
0.0000,0.9945,0.0055
0.0000,0.9918,0.0082
0.0000,0.8755,0.1245
0.0000,0.9579,0.0420
0.0000,0.0008,0.9992
0.0000,0.8700,0.1299
0.0051,0.9887,0.0061
0.0000,0.9967,0.0033
0.0000,0.9967,0.0033
0.0000,0.9993,0.0007
0.0000,0.7439,0.2561
0.0000,0.3923,0.6076
0.2045,0.4299,0.3656
0.0002,0.9934,0.0065
0.0000,0.1272,0.8728
0.0000,0.6554,0.3446
0.0000,0.4680,0.5320
0.0002,0.2925,0.7072
0.0000,1.0000,0.0000
0.0000,0.3014,0.6986
0.0000,0.0288,0.9712
0.0000,0.9978,0.0022
0.0000,0.5937,0.4063
0.0028,0.9939,0.0033
0.0000,1.0000,0.0000
0.0001,0.8922,0.1078
0.0005,0.0269,0.9725
0.0868,0.4499,0.4634
0.0015,0.8932,0.1053
0.0017,0.2652,0.7332
0.6830,0.2532,0.0638
0.0005,0.9972,0.0023
0.0002,0.9464,0.0534
0.0000,0.7699,0.2301
0.0000,0.0091,0.9909
0.0066,0.7369,0.2565
0.0004,0.9975,0.0022
0.0016,0.7389,0.2595
0.0000,0.2401,0.7599
0.0004,0.9978,0.0018
0.0000,0.9998,0.0001
0.0000,0.0994,0.9006
0.0003,0.9146,0.0850
0.0000,0.9984,0.0016
0.0000,0.9995,0.0005
0.0000,0.1796,0.8204
0.0000,0.9928,0.0072
0.0030,0.9251,0.0719
0.4013,0.0339,0.5648
0.0237,0.7960,0.1803
0.0000,0.0003,0.9997
0.1314,0.8414,0.0272
0.0000,0.9733,0.0267
0.0000,0.9926,0.0074
0.6157,0.2371,0.1472
0.0614,0.9363,0.0022
0.0000,0.9305,0.0695
0.0001,0.8968,0.1031
0.0005,0.8474,0.1521
0.0000,0.0092,0.9908
0.0000,0.9868,0.0132
0.0007,0.9701,0.0292
0.0014,0.9734,0.0252
0.0000,0.9992,0.0008
0.0001,0.9936,0.0063
0.0000,0.3495,0.6505
0.0000,0.8524,0.1476
0.0000,1.0000,0.0000
0.0006,0.9773,0.0221
0.0000,0.9925,0.0075
0.0010,0.0503,0.9487
0.0001,0.8913,0.1086
0.0162,0.5195,0.4643
0.0000,0.9510,0.0490
0.0000,0.8756,0.1244
0.0000,0.1315,0.8685
0.0246,0.6296,0.3457
0.0000,0.9997,0.0003
0.0000,0.9984,0.0016
0.0000,0.1793,0.8207
0.5214,0.4763,0.0022
0.0023,0.5860,0.4117
0.0000,0.9862,0.0137
0.0000,0.0058,0.9942
0.0004,0.3417,0.6580
0.1822,0.0685,0.7493
0.0000,0.8209,0.1791
0.3694,0.5358,0.0948
0.0000,0.9996,0.0003
0.0000,0.8065,0.1935
0.0003,0.3186,0.6811
0.0000,0.0477,0.9523
0.0002,0.9798,0.0200
0.0000,0.9986,0.0014
0.0000,0.7370,0.2630
0.3681,0.6249,0.0070
0.0109,0.4544,0.5347
0.0015,0.8919,0.1066
0.0206,0.2579,0.7215
0.0013,0.7971,0.2015
0.1664,0.8003,0.0333
0.8668,0.0953,0.0379
0.0000,0.4426,0.5574
0.0514,0.9157,0.0329
0.0000,0.4053,0.5947
0.0593,0.3365,0.6042
0.0856,0.9032,0.0112
0.0000,0.6390,0.3610
0.0000,0.9618,0.0382
0.7086,0.0870,0.2044
0.0000,1.0000,0.0000
0.0001,0.9861,0.0138
0.0000,0.9733,0.0267
0.0002,0.8060,0.1938
0.0000,0.9995,0.0005
0.0000,0.9994,0.0006
0.0034,0.9912,0.0054
0.0000,0.9459,0.0541
0.0007,0.9092,0.0900
0.2631,0.1488,0.5881
0.0160,0.9791,0.0049
0.0000,0.9991,0.0009
0.0000,0.1931,0.8069
0.0005,0.2394,0.7601
0.0029,0.8175,0.1797
0.0000,0.9790,0.0210
0.0000,0.9993,0.0007
0.0151,0.5613,0.4236
0.0001,0.9813,0.0187
0.0005,0.6788,0.3207
0.0001,0.9932,0.0067
0.0020,0.9231,0.0749
0.0000,0.7859,0.2141
0.0000,0.9999,0.0001
0.0273,0.9586,0.0141
0.0020,0.8922,0.1059
0.0000,0.9858,0.0142
0.0018,0.9760,0.0222
0.0000,0.9967,0.0033
0.0000,0.0184,0.9816
0.0004,0.2160,0.7836
0.0002,0.0498,0.9499
0.1926,0.3773,0.4302
0.0074,0.7386,0.2540
0.0000,1.0000,0.0000
0.0000,0.5835,0.4165
0.0001,0.8051,0.1948
0.0000,0.0077,0.9923
0.0000,0.2234,0.7766
0.3001,0.5348,0.1650
0.0030,0.9659,0.0311
0.0000,0.9001,0.0999
0.0000,0.8400,0.1600
0.0050,0.6208,0.3742
0.0257,0.9628,0.0114
0.0002,0.7896,0.2102
0.0000,0.8511,0.1489
0.0000,0.1558,0.8442
0.0000,0.4346,0.5654
0.0015,0.9943,0.0042
0.0007,0.9118,0.0876
0.0189,0.9579,0.0233
0.0189,0.8958,0.0853
0.0000,0.7933,0.2067
0.0617,0.8799,0.0584
0.0025,0.6863,0.3111
0.0000,0.9726,0.0274
0.0895,0.8853,0.0252
0.0018,0.3577,0.6405
0.0007,0.9983,0.0010
0.0000,0.9997,0.0003
0.0000,0.9961,0.0039
0.0000,0.0241,0.9759
0.0001,0.0334,0.9665
0.0000,0.4901,0.5099
0.0000,0.9962,0.0038
0.0001,0.9458,0.0542
0.0000,0.1530,0.8470
0.0128,0.0490,0.9382
0.1469,0.6714,0.1817
0.7736,0.1576,0.0688
0.0001,0.5039,0.4960
0.0001,0.8060,0.1939
0.0047,0.9944,0.0009
0.0000,0.9989,0.0011
0.0000,0.9854,0.0145
0.0000,0.3609,0.6391
0.0000,0.9977,0.0023
0.0000,0.9899,0.0101
0.0000,0.9960,0.0040
0.0000,0.9940,0.0060
0.1631,0.5698,0.2670
0.1172,0.8468,0.0360
0.7911,0.1783,0.0306
0.0000,0.9693,0.0306
0.0000,0.1085,0.8914
0.0000,0.4656,0.5344
0.0000,0.7236,0.2764
0.0000,0.4190,0.5810
0.0000,0.1180,0.8820
0.0000,0.9943,0.0056
0.0000,0.0300,0.9700
0.0033,0.9540,0.0427
0.0000,0.9848,0.0152
0.0000,0.6349,0.3651
0.0000,0.9990,0.0010
0.0000,0.0082,0.9918
0.0211,0.0590,0.9200
0.0000,0.8419,0.1581
0.4631,0.0480,0.4889
0.0000,0.1966,0.8033
0.0000,0.4144,0.5855
0.0000,0.9619,0.0381
0.0006,0.9434,0.0561
0.0002,0.0262,0.9735
0.0002,0.9875,0.0123
0.0008,0.3757,0.6235
0.0000,0.4291,0.5709
0.0011,0.9510,0.0479
0.0071,0.7996,0.1933
0.1471,0.7493,0.1036
0.1775,0.6110,0.2115
0.0464,0.5257,0.4279
0.0000,0.7160,0.2840
0.0000,0.9993,0.0007
0.0000,0.9271,0.0729
0.0000,0.0498,0.9502
0.0000,0.9977,0.0023
0.0001,0.9820,0.0180
0.0000,0.8127,0.1873
0.0025,0.8799,0.1176
0.0000,0.8314,0.1686
0.0000,0.2066,0.7934
0.6762,0.0681,0.2557
0.8715,0.0966,0.0319
0.0129,0.9810,0.0061
0.9135,0.0759,0.0106
0.0023,0.6525,0.3452
0.0012,0.9774,0.0214
0.0790,0.2734,0.6476
0.0000,0.9335,0.0665
0.0000,0.1624,0.8376
0.0000,0.9956,0.0044
0.0000,0.9996,0.0004
0.0005,0.8802,0.1192
0.0000,0.1260,0.8739
0.0000,0.1331,0.8669
0.0000,0.9557,0.0442
0.0001,0.1663,0.8336
0.0001,0.9954,0.0045
0.0000,0.9998,0.0002
0.0000,0.5057,0.4943
0.4550,0.4530,0.0920
0.0006,0.9841,0.0153
0.0000,0.7846,0.2154
0.0000,0.0052,0.9948
0.0008,0.9788,0.0204
0.0006,0.4408,0.5586
0.0000,0.4227,0.5773
0.0000,0.9987,0.0013
0.4888,0.4425,0.0687
0.0358,0.5520,0.4122
0.0002,0.0728,0.9271
0.0000,0.5167,0.4833
0.0000,0.9998,0.0002
0.0000,0.0305,0.9695
0.0000,0.7190,0.2810
0.0000,0.9246,0.0754
0.0189,0.9446,0.0366
0.5399,0.3694,0.0908
0.0003,0.9940,0.0056
0.0000,1.0000,0.0000
0.0187,0.0597,0.9216
0.0000,0.3024,0.6976
0.0006,0.5198,0.4797
0.8943,0.0743,0.0315
0.0008,0.9972,0.0020
0.0001,0.5709,0.4290
0.0000,0.8903,0.1097
0.0002,0.9221,0.0777
0.0000,0.9291,0.0709
0.0001,0.9861,0.0138
0.0000,0.9360,0.0640
0.0000,0.7550,0.2450
0.0034,0.6714,0.3252
0.0001,0.9999,0.0001
0.0000,0.9995,0.0005
0.0003,0.9918,0.0078
0.0007,0.9861,0.0132
0.0000,0.2037,0.7963
0.0000,0.9877,0.0123
0.0375,0.4398,0.5227
0.1227,0.8720,0.0054
0.3265,0.4186,0.2549
0.0000,0.9804,0.0196
0.0000,0.9721,0.0278
0.0776,0.9159,0.0065
0.0000,0.9603,0.0397
0.0006,0.4799,0.5195
0.0000,0.5549,0.4451
0.0045,0.3451,0.6505
0.0000,0.9884,0.0116
0.0000,0.1112,0.8888
0.0000,0.9371,0.0629
0.0009,0.4254,0.5737
0.0163,0.1484,0.8354
0.0001,0.0091,0.9908
0.0000,0.9988,0.0012
0.0000,0.6366,0.3634
0.0480,0.6308,0.3212
0.0000,0.9845,0.0155
0.0000,0.9979,0.0021
0.0000,0.9900,0.0100
0.0625,0.0845,0.8530
0.0000,0.9965,0.0035
0.0000,0.9972,0.0028
0.2774,0.4106,0.3120
0.0003,0.9961,0.0036
0.2892,0.2069,0.5039
0.0054,0.9674,0.0271
0.0737,0.8963,0.0299
0.0097,0.8824,0.1080
0.0002,0.8112,0.1886
0.0000,0.9953,0.0047
0.0001,0.2754,0.7245
0.0000,0.9681,0.0318
0.0000,0.6915,0.3085
0.0066,0.4124,0.5810
0.0000,0.9972,0.0028
0.0000,0.9959,0.0041
0.0000,0.9973,0.0027
0.0050,0.9597,0.0353
0.0900,0.5310,0.3790
0.0036,0.0393,0.9571
0.0002,0.9792,0.0206
0.3413,0.3604,0.2983
0.0000,0.9941,0.0059
0.0904,0.8196,0.0900
0.0001,0.9933,0.0067
0.0000,0.9936,0.0063
0.0000,0.9808,0.0191
0.0000,0.9380,0.0620
0.0000,0.9987,0.0013
0.0000,0.9997,0.0003
0.0000,0.9622,0.0378
0.0000,0.9869,0.0131
0.0003,0.9969,0.0028
0.0000,0.2119,0.7881
0.0000,0.3128,0.6872
0.0024,0.9651,0.0326
0.0011,0.6681,0.3308
0.3688,0.2647,0.3665
0.0000,0.9330,0.0670
0.0076,0.1698,0.8226
0.0004,0.5163,0.4833
0.0000,1.0000,0.0000
0.0572,0.7004,0.2424
0.0000,1.0000,0.0000
0.0000,0.9442,0.0558
0.0014,0.0041,0.9945
0.0182,0.6578,0.3240
0.0000,0.9999,0.0001
0.0000,0.3329,0.6671
0.0019,0.2930,0.7051
0.0000,0.9513,0.0487
0.0018,0.9934,0.0048
0.0000,0.0913,0.9087
0.0000,0.8096,0.1903
0.0000,0.1190,0.8810
0.2452,0.7203,0.0345
0.0009,0.9910,0.0081
0.0000,0.9992,0.0008
0.0780,0.7060,0.2160
0.0421,0.9439,0.0140
0.0010,0.8157,0.1833
0.0053,0.6418,0.3528
0.0001,0.9972,0.0028
0.0000,0.9999,0.0001
0.0000,0.9999,0.0000
0.0000,0.9409,0.0591
0.0852,0.9039,0.0109
0.0000,0.9876,0.0124
0.3227,0.1681,0.5092
0.0044,0.9435,0.0522
0.0093,0.9869,0.0038
0.0000,0.9928,0.0072
0.0000,0.9329,0.0671
0.0000,0.6825,0.3175
0.0654,0.9340,0.0006
0.0001,0.9898,0.0100
0.0005,0.8451,0.1544
0.0291,0.9452,0.0256
0.2065,0.4946,0.2988
0.0007,0.3409,0.6584
0.0307,0.9558,0.0135
0.0053,0.4835,0.5112
0.0023,0.7336,0.2641
0.0325,0.8003,0.1672
0.0026,0.3886,0.6088
0.0002,0.5034,0.4964
0.0000,0.9999,0.0001
0.0015,0.9975,0.0010
0.0001,0.8850,0.1149
0.0000,0.9951,0.0049
0.0301,0.7920,0.1778
0.0031,0.9932,0.0037
0.0000,0.6589,0.3411
0.0000,0.8078,0.1922
0.0001,0.9996,0.0003
0.0000,0.9972,0.0028
0.0000,0.9872,0.0128
0.0002,0.1930,0.8069
0.0000,0.9988,0.0012
0.0000,0.9957,0.0043
0.0016,0.9948,0.0036
0.0060,0.9672,0.0268
0.0001,0.9992,0.0007
0.3085,0.6411,0.0503
0.0618,0.8919,0.0463
0.0000,0.2526,0.7474
0.0000,0.6416,0.3584
0.0000,0.8237,0.1763
0.0000,0.9987,0.0013
0.0001,0.9981,0.0018
0.0000,0.9851,0.0149
0.0000,0.9874,0.0126
0.0000,0.7337,0.2663
0.0001,0.9635,0.0363
0.0000,0.9830,0.0170
0.0005,0.0607,0.9387
0.0000,0.9998,0.0002
0.0000,0.9992,0.0008
0.0016,0.9327,0.0657
0.0000,0.8995,0.1005
0.0000,0.9048,0.0952
0.0001,0.9546,0.0453
0.2304,0.6635,0.1060
0.0000,0.2999,0.7001
0.0857,0.9141,0.0002
0.1133,0.6219,0.2648
0.2071,0.6684,0.1245
0.1316,0.7161,0.1523
0.0002,0.9997,0.0002
0.0000,0.9899,0.0101
0.0004,0.9511,0.0485
0.0003,0.9917,0.0081
0.3495,0.6027,0.0478
0.0036,0.9963,0.0001
0.0049,0.3390,0.6561
0.0000,0.9438,0.0562
0.0002,0.9988,0.0010
0.0001,0.9997,0.0002
0.0001,0.5601,0.4399
0.0004,0.9992,0.0005
0.0053,0.7531,0.2416
0.0000,0.3221,0.6779
0.0000,0.9974,0.0026
0.0000,0.9937,0.0063
0.0000,0.0012,0.9988
0.0000,0.8899,0.1101
0.0000,0.0067,0.9933
0.1995,0.5501,0.2504
0.0007,0.9945,0.0048
0.0000,0.0449,0.9551
0.0018,0.8768,0.1214
0.0001,0.8543,0.1456
0.0127,0.8112,0.1761
0.6356,0.1150,0.2495
0.0000,0.9747,0.0253
0.0103,0.9615,0.0283
0.0000,0.9818,0.0182
0.0000,0.8031,0.1969
0.0005,0.8878,0.1118
0.0000,0.9236,0.0764
0.0000,1.0000,0.0000
0.0001,0.7688,0.2311
0.0000,0.9803,0.0197
0.0036,0.1536,0.8428
0.0000,0.9480,0.0520
0.0002,0.9644,0.0354
0.0033,0.9926,0.0041
0.0001,0.9595,0.0405
0.0726,0.7305,0.1969
0.0000,0.9847,0.0153
0.0000,0.9999,0.0000
0.0000,0.9998,0.0002
0.0005,0.9822,0.0173
0.0000,0.0350,0.9650
0.0137,0.9229,0.0634
0.0172,0.9821,0.0007
0.0000,0.9977,0.0023
0.0000,0.2461,0.7539
0.0150,0.5160,0.4690
0.0000,0.1424,0.8576
0.0000,0.9986,0.0014
0.0001,0.5595,0.4404
0.0030,0.9321,0.0649
0.0001,0.9636,0.0363
0.0000,0.3720,0.6280
0.0602,0.2892,0.6507
0.7282,0.0226,0.2493
0.3800,0.1575,0.4625
0.0002,0.9922,0.0076
0.6521,0.0998,0.2481
0.0044,0.9426,0.0530
0.0000,0.3965,0.6035
0.0002,0.9982,0.0016
0.2296,0.6045,0.1659
0.0142,0.2993,0.6865
0.0000,0.0813,0.9187
0.0731,0.9210,0.0059
0.0000,0.8921,0.1079
0.0347,0.1681,0.7972
0.0000,0.1077,0.8922
0.0010,0.1783,0.8207
0.0000,0.9782,0.0218
0.0049,0.7092,0.2860
0.0000,0.9811,0.0189
0.0049,0.9934,0.0016
0.0002,0.9699,0.0299
0.0131,0.1687,0.8182
0.0000,0.9999,0.0001
0.0002,0.9896,0.0102
0.0000,0.7618,0.2382
0.0000,0.9682,0.0318
0.0043,0.8746,0.1211
0.0000,0.9978,0.0022
0.0000,0.6321,0.3679
0.0000,0.5180,0.4820
0.0000,0.8684,0.1316
0.0000,0.9933,0.0067
0.7240,0.2734,0.0025
0.0016,0.9941,0.0043
0.0000,0.5605,0.4395
0.0014,0.6410,0.3576
0.0000,0.8054,0.1946
0.0000,0.9210,0.0790
0.0001,0.9619,0.0380
0.0000,0.9995,0.0005
0.0000,0.9961,0.0039
0.0000,0.9594,0.0406
0.0000,0.1950,0.8050
0.0000,0.9970,0.0030
0.0000,0.1844,0.8156
0.0000,0.1123,0.8876
0.0033,0.2555,0.7412
0.0000,0.9960,0.0040
0.0001,0.9928,0.0072
0.0000,0.6842,0.3157
0.0110,0.8845,0.1045
0.0115,0.7347,0.2538
0.0315,0.7476,0.2209
0.1015,0.8840,0.0146
0.6516,0.1654,0.1831
0.0008,0.9972,0.0019
0.0003,0.9825,0.0172
0.5849,0.3100,0.1051
0.0287,0.9651,0.0062
0.0035,0.9484,0.0480
0.0008,0.9733,0.0260
0.0390,0.2279,0.7332
0.0000,0.9996,0.0004
0.3045,0.0770,0.6185
0.7774,0.1395,0.0831
0.0059,0.8812,0.1129
0.0000,0.0424,0.9576
0.0010,0.9962,0.0028
0.0240,0.8667,0.1092
0.3608,0.5689,0.0703
0.0116,0.9731,0.0153
0.0000,0.9991,0.0009
0.0000,1.0000,0.0000
0.0245,0.7186,0.2568
0.0002,0.2589,0.7409
0.0000,0.6744,0.3256
0.0000,0.0239,0.9761
0.0000,0.7738,0.2262
0.0083,0.8645,0.1273
0.0000,0.9589,0.0411
0.0000,0.3659,0.6341
0.0000,0.5202,0.4798
0.0000,1.0000,0.0000
0.2087,0.7206,0.0707
0.0074,0.9918,0.0009
0.1593,0.8097,0.0310
0.0000,0.9469,0.0530
0.0021,0.6922,0.3057
0.0245,0.8842,0.0913
0.7897,0.2029,0.0074
0.0070,0.5479,0.4451
0.2281,0.5883,0.1836
0.0005,0.4971,0.5024
0.0000,0.9999,0.0001
0.0000,0.4992,0.5008
0.0000,0.7615,0.2385
0.1777,0.7922,0.0302
0.0000,0.8710,0.1290
0.0002,0.9949,0.0049
0.0001,0.9146,0.0853
0.0000,0.9999,0.0001
0.0000,0.9747,0.0253
0.0000,0.9999,0.0001
0.1560,0.0881,0.7559
0.5868,0.1728,0.2404
0.0055,0.3344,0.6601
0.0000,0.9997,0.0003
0.0004,0.7978,0.2018
0.0284,0.9295,0.0421
0.0249,0.6315,0.3436
0.0000,0.9963,0.0037
0.0000,0.9969,0.0031
0.0000,0.9359,0.0641
0.0000,0.4984,0.5016
0.0000,0.9997,0.0003
0.0498,0.8032,0.1470
0.9316,0.0514,0.0170
0.1966,0.4363,0.3672
0.0023,0.9920,0.0057
0.0000,0.9980,0.0020
0.0970,0.7444,0.1586
0.0001,0.8237,0.1762
0.0025,0.9120,0.0856
0.0000,0.3766,0.6234
0.1085,0.0801,0.8114
0.4485,0.4134,0.1381
0.0000,0.3773,0.6227
0.5120,0.4632,0.0248
0.0000,0.9999,0.0001
0.0453,0.9304,0.0243
0.0474,0.8848,0.0677
0.0000,0.9988,0.0012
0.0000,0.9907,0.0093
0.0001,0.8437,0.1562
0.0004,0.9963,0.0033
0.0001,0.8392,0.1607
0.0000,0.9738,0.0262
0.0000,0.9837,0.0163
0.0010,0.9826,0.0165
0.0000,0.0055,0.9945
0.0000,0.3966,0.6034
0.0024,0.9657,0.0319
0.0000,0.2516,0.7484
0.0001,0.9604,0.0395
0.0007,0.9927,0.0066
0.0000,1.0000,0.0000
0.7307,0.2419,0.0274
0.0000,0.9991,0.0009
0.0000,0.9999,0.0001
0.0000,1.0000,0.0000
0.0000,1.0000,0.0000
0.0013,0.9811,0.0176
0.0001,0.9925,0.0074
0.0004,0.9996,0.0000
0.0084,0.6652,0.3264
0.0002,0.9989,0.0009
0.0000,1.0000,0.0000
0.0007,0.9992,0.0001
0.0331,0.9652,0.0018
0.0001,0.9990,0.0009
0.0000,0.8739,0.1261
0.0000,1.0000,0.0000
0.0001,0.9999,0.0001
0.0000,0.9999,0.0001
0.0053,0.9707,0.0240
0.0124,0.9828,0.0048
0.0001,0.9999,0.0000
0.0000,0.9999,0.0000
0.0002,0.9993,0.0005
0.4454,0.3897,0.1649
0.0002,0.9998,0.0000
0.0000,1.0000,0.0000
0.0000,1.0000,0.0000
0.0014,0.9978,0.0007
0.0001,0.9999,0.0000
0.1491,0.8467,0.0042
0.6302,0.3620,0.0078
0.0003,0.9982,0.0015
0.0001,0.9999,0.0001
0.0000,0.9999,0.0001
0.0006,0.9992,0.0002
0.0001,0.3635,0.6365
0.0000,1.0000,0.0000
0.0000,0.9998,0.0002
0.0000,0.9999,0.0001
0.0023,0.9427,0.0550
0.0032,0.9957,0.0011
0.0000,0.9967,0.0033
0.0002,0.9998,0.0000
0.0070,0.9925,0.0005
0.0000,1.0000,0.0000
0.0000,1.0000,0.0000
0.0109,0.9744,0.0147
0.0000,1.0000,0.0000
0.0037,0.9826,0.0137
0.0016,0.9910,0.0074
0.0007,0.9963,0.0029
0.0001,0.9999,0.0001
0.0002,0.9925,0.0073
0.0004,0.9995,0.0001
0.0000,1.0000,0.0000
0.0000,0.7151,0.2849
0.0000,0.9969,0.0030
0.0061,0.9938,0.0001
0.0372,0.9625,0.0003
0.0021,0.9976,0.0003
0.0034,0.9961,0.0004
0.0046,0.9941,0.0012
0.0000,1.0000,0.0000
0.0000,1.0000,0.0000
0.4642,0.5013,0.0345
0.0004,0.9977,0.0018
0.0001,0.9996,0.0003
0.0002,0.9996,0.0002
0.0001,0.9998,0.0001
0.0170,0.9303,0.0527
0.0000,0.9989,0.0011
0.0000,1.0000,0.0000
0.0000,0.9984,0.0016
0.0000,1.0000,0.0000
0.0006,0.9992,0.0002
0.0046,0.9926,0.0028
0.0067,0.9916,0.0016
0.0003,0.9947,0.0050
0.0000,0.9999,0.0000
0.0001,0.9998,0.0000
0.6693,0.3194,0.0114
0.0001,0.9991,0.0009
0.0000,1.0000,0.0000
0.0060,0.9848,0.0092
0.0579,0.8618,0.0803
0.0003,0.9995,0.0003
0.0004,0.9996,0.0000
0.0000,0.9969,0.0031
0.0087,0.9770,0.0143
0.0002,0.9994,0.0004
0.0000,1.0000,0.0000
0.0001,0.9957,0.0042
0.0000,1.0000,0.0000
0.0002,0.9998,0.0000
0.0000,0.9989,0.0011
0.0000,0.9966,0.0034
0.0237,0.8249,0.1514
0.0000,1.0000,0.0000
0.0013,0.3608,0.6379
0.0092,0.9867,0.0042
0.9197,0.0607,0.0196
0.0355,0.9548,0.0097
0.8873,0.0647,0.0480
0.0040,0.9932,0.0028
0.0000,1.0000,0.0000
0.0000,0.9999,0.0001
0.0000,0.9989,0.0011
0.0002,0.9997,0.0001
0.0016,0.9557,0.0427
0.2699,0.7298,0.0003
0.0000,0.9926,0.0074
0.0000,0.9975,0.0025
0.0000,1.0000,0.0000
0.0000,1.0000,0.0000
0.0040,0.7763,0.2197
0.0000,1.0000,0.0000
0.0002,0.9935,0.0062
0.0000,0.9345,0.0655
0.5001,0.4827,0.0171
0.0049,0.9941,0.0010
0.0001,0.9997,0.0002
0.1953,0.7943,0.0104
0.0000,0.9999,0.0001
0.0000,0.9980,0.0020
0.0006,0.9992,0.0002
0.0006,0.9993,0.0001
0.0001,0.9996,0.0003
0.0217,0.9710,0.0073
0.0000,1.0000,0.0000
0.0066,0.9879,0.0055
0.0004,0.9859,0.0137
0.0000,0.9994,0.0006
0.0001,0.9968,0.0030
0.0001,0.9999,0.0000
0.0000,1.0000,0.0000
0.0000,0.9942,0.0058
0.0000,1.0000,0.0000
0.0046,0.3310,0.6645
0.0002,0.9997,0.0000
0.0001,0.8712,0.1287
0.0026,0.9972,0.0001
0.0001,0.9883,0.0116
0.0006,0.9941,0.0053
0.0001,0.9959,0.0040
0.0001,0.9999,0.0000
0.0002,0.9743,0.0255
0.0000,0.9999,0.0001
0.0000,0.9836,0.0164
0.0000,0.9996,0.0003
0.0003,0.9988,0.0009
0.0000,0.9700,0.0300
0.4487,0.5002,0.0511
0.2201,0.7756,0.0043
0.0000,0.9994,0.0006
0.0001,0.6401,0.3597
0.0000,0.9999,0.0001
0.0000,0.9437,0.0563
0.0000,1.0000,0.0000
0.0000,0.9166,0.0834
0.0000,0.9997,0.0003
0.0127,0.7846,0.2027
0.0008,0.6240,0.3752
0.0199,0.9525,0.0276
0.0000,0.9962,0.0038
0.0012,0.9969,0.0019
0.0009,0.9698,0.0293
0.0000,1.0000,0.0000
0.0031,0.9966,0.0003
0.0162,0.9740,0.0098
0.0002,0.9962,0.0036
0.1931,0.8063,0.0006
0.6337,0.3662,0.0001
0.0000,0.9999,0.0000
0.0000,1.0000,0.0000
0.0000,0.9999,0.0001
0.0000,0.9901,0.0099
0.0000,0.9993,0.0007
0.0000,1.0000,0.0000
0.0000,0.9989,0.0011
0.0001,0.9999,0.0000
0.0000,1.0000,0.0000
0.0000,1.0000,0.0000
0.0000,1.0000,0.0000
0.0000,0.9817,0.0183
0.0795,0.7497,0.1708
0.0003,0.9706,0.0291
0.0010,0.9983,0.0007
0.0602,0.7708,0.1690
0.7664,0.2264,0.0072
0.0087,0.9839,0.0074
0.0001,0.9976,0.0023
0.8668,0.0953,0.0379
0.0000,0.9970,0.0030
0.0019,0.9976,0.0005
0.0002,0.9995,0.0003
0.0000,0.9222,0.0778
0.0504,0.8647,0.0848
0.0065,0.9852,0.0083
0.6068,0.0961,0.2971
0.3970,0.5315,0.0715
0.0001,0.9709,0.0290
0.0004,0.9937,0.0060
0.0011,0.9988,0.0001
0.0000,0.9999,0.0001
0.0000,0.9974,0.0026
0.2276,0.4162,0.3562
0.0004,0.9995,0.0001
0.0000,1.0000,0.0000
0.0012,0.9978,0.0010
0.0000,0.9877,0.0123
0.0018,0.9607,0.0375
0.0002,0.9998,0.0000
0.0059,0.2679,0.7261
0.0001,0.9936,0.0064
0.0000,1.0000,0.0000
0.0000,0.9407,0.0593
0.0008,0.9990,0.0003
0.0000,0.9993,0.0007
0.0040,0.8388,0.1572
0.0002,0.9990,0.0008
0.0000,0.8798,0.1202
0.0000,0.9999,0.0001
0.0003,0.9997,0.0000
0.0000,0.9999,0.0001
0.0053,0.9945,0.0002
0.0000,0.9966,0.0034
0.0001,0.9999,0.0001
0.0000,0.9973,0.0027
0.0000,0.9997,0.0003
0.0000,0.9997,0.0003
0.0005,0.9699,0.0296
0.0000,1.0000,0.0000
0.0000,0.4214,0.5785
0.0000,0.9997,0.0003
0.0012,0.9985,0.0003
0.0000,0.7097,0.2903
0.0000,0.9886,0.0114
0.0000,0.9995,0.0005
0.0024,0.9224,0.0751
0.0102,0.9863,0.0035
0.1307,0.7879,0.0814
0.0000,0.9992,0.0008
0.0020,0.9276,0.0704
0.0024,0.4950,0.5026
0.0000,0.9924,0.0076
0.0000,0.9988,0.0012
0.0393,0.9603,0.0004
0.0000,1.0000,0.0000
0.0000,1.0000,0.0000
0.0000,0.9996,0.0004
0.0003,0.9997,0.0000
0.0000,1.0000,0.0000
0.0011,0.4771,0.5218
0.0000,0.9964,0.0036
0.0000,0.9999,0.0000
0.0002,0.9984,0.0014
0.3016,0.5091,0.1892
0.0000,0.9998,0.0002
0.0000,0.9991,0.0009
0.0000,1.0000,0.0000
0.0000,0.9974,0.0026
0.0000,0.2605,0.7395
0.0000,1.0000,0.0000
0.0000,1.0000,0.0000
0.0000,0.9815,0.0185
0.0000,0.9991,0.0009
0.0002,0.9995,0.0003
0.0000,0.9992,0.0007
0.0001,0.9994,0.0005
0.0018,0.9981,0.0001
0.0000,0.9996,0.0004
0.0000,0.9999,0.0001
0.0000,0.9984,0.0016
0.0000,1.0000,0.0000
0.0000,1.0000,0.0000
0.0001,0.9651,0.0348
0.0012,0.9745,0.0243
0.0001,0.9999,0.0000
0.0000,1.0000,0.0000
0.0000,1.0000,0.0000
0.0002,0.9992,0.0006
0.0000,0.8222,0.1778
0.0000,0.9996,0.0004
0.0001,0.9987,0.0013
0.0063,0.9930,0.0007
0.0009,0.9989,0.0002
0.0000,0.9999,0.0001
0.0000,0.9999,0.0001
0.0017,0.9976,0.0007
0.0000,0.9998,0.0002
0.0000,0.0639,0.9361
0.0073,0.9901,0.0026
0.0000,0.9972,0.0028
0.0000,0.9999,0.0001
0.0653,0.9276,0.0070
0.0001,0.9999,0.0001
0.0003,0.9824,0.0173
0.0002,0.9991,0.0007
0.0000,1.0000,0.0000
0.0000,0.9997,0.0003
0.0005,0.9591,0.0404
0.0000,0.9996,0.0004
0.0000,0.9998,0.0002
0.0052,0.9947,0.0001
0.0001,0.9333,0.0666
0.0000,1.0000,0.0000
0.0000,0.4714,0.5286
0.0000,1.0000,0.0000
0.0000,0.9998,0.0002
0.0010,0.9989,0.0000
0.0000,1.0000,0.0000
0.0000,1.0000,0.0000
0.0000,1.0000,0.0000
0.0000,1.0000,0.0000
0.0000,0.9686,0.0314
0.0000,0.9999,0.0001
0.0119,0.9881,0.0001
0.0000,1.0000,0.0000
0.0700,0.9147,0.0153
0.0707,0.9286,0.0007
0.0045,0.9949,0.0006
0.0000,0.9998,0.0002
0.0001,0.9983,0.0016
0.0002,0.9996,0.0002
0.0175,0.8689,0.1136
0.0173,0.8240,0.1586
0.0001,0.9984,0.0015
0.0000,0.7216,0.2783
0.0000,0.9999,0.0001
0.0000,0.9865,0.0135
0.0000,1.0000,0.0000
0.0022,0.9931,0.0047
0.0000,0.9992,0.0008
0.0000,0.9903,0.0097
0.0037,0.9951,0.0011
0.0027,0.6950,0.3023
0.0254,0.9719,0.0026
0.1536,0.6071,0.2393
0.0140,0.8362,0.1498
0.0000,0.9998,0.0001
0.0000,1.0000,0.0000
0.2997,0.5337,0.1666
0.0722,0.9276,0.0002
0.2911,0.5788,0.1301
0.0000,1.0000,0.0000
0.0000,0.9894,0.0106
0.0000,1.0000,0.0000
0.0000,1.0000,0.0000
0.6410,0.3016,0.0575
0.0001,0.9901,0.0098
0.0000,1.0000,0.0000
0.1335,0.8600,0.0065
0.0000,0.9994,0.0006
0.0000,1.0000,0.0000
0.0000,1.0000,0.0000
0.0000,0.9617,0.0382
0.0000,0.9968,0.0032
0.0000,0.9995,0.0005
0.0001,0.9979,0.0020
0.0000,1.0000,0.0000
0.0000,1.0000,0.0000
0.0000,0.9877,0.0122
0.0352,0.9631,0.0018
0.0051,0.9853,0.0096
0.4970,0.4303,0.0727
0.0196,0.9310,0.0494
0.0000,0.5002,0.4998
0.0014,0.9943,0.0043
0.0001,0.7649,0.2350
0.0000,0.9918,0.0082
0.0001,0.9851,0.0148
0.0000,0.9730,0.0270
0.0002,0.9998,0.0000
0.0000,0.9493,0.0507
0.0000,0.9732,0.0267
0.0000,1.0000,0.0000
0.0204,0.8347,0.1449
0.0064,0.9704,0.0232
0.0000,0.9984,0.0016
0.0005,0.9320,0.0675
0.0008,0.9985,0.0007
0.8506,0.0904,0.0590
0.0000,0.9999,0.0001
0.0000,0.9999,0.0001
0.0000,0.9997,0.0002
0.0014,0.9618,0.0368
0.0001,0.8837,0.1162
0.0015,0.9910,0.0075
0.0004,0.9990,0.0006
0.0000,0.9996,0.0004
0.0000,0.9993,0.0007
0.0000,1.0000,0.0000
0.0001,0.9990,0.0009
0.0000,1.0000,0.0000
0.0332,0.9537,0.0130
0.0000,0.9932,0.0068
0.0101,0.9731,0.0169
0.1643,0.8309,0.0048
0.9802,0.0117,0.0081
0.0001,0.9757,0.0242
0.1010,0.8979,0.0011
0.0001,0.9977,0.0022
0.0023,0.9974,0.0002
0.0000,0.9999,0.0000
0.0019,0.9934,0.0047
0.0000,1.0000,0.0000
0.0024,0.0602,0.9374
0.0004,0.8401,0.1595
0.0002,0.9832,0.0166
0.1567,0.8290,0.0143
0.0000,0.9872,0.0127
0.0000,1.0000,0.0000
0.0000,0.9990,0.0010
0.0000,0.9999,0.0001
0.0035,0.9934,0.0031
0.0046,0.9947,0.0007
0.0000,0.9996,0.0004
0.0001,0.9998,0.0000
0.0031,0.9965,0.0004
0.0048,0.9948,0.0004
0.0000,0.9992,0.0008
0.0000,1.0000,0.0000
0.0293,0.9571,0.0136
0.7617,0.1950,0.0433
0.0000,0.9999,0.0001
0.0000,0.9918,0.0082
0.0000,1.0000,0.0000
0.0000,0.9973,0.0027
0.0000,0.9999,0.0001
0.0000,0.9943,0.0057
0.0000,1.0000,0.0000
0.0000,0.3649,0.6351
0.8753,0.0939,0.0309
0.0025,0.9575,0.0401
0.0000,0.9996,0.0004
0.0102,0.5699,0.4199
0.0001,0.9997,0.0003
0.8668,0.0953,0.0379
0.0002,0.9780,0.0219
0.0002,0.9981,0.0017
0.0429,0.8611,0.0960
0.0005,0.9995,0.0001
0.0210,0.9666,0.0124
0.1839,0.7752,0.0409
0.8753,0.0939,0.0309
0.0000,0.9965,0.0034
0.2691,0.3052,0.4257
0.0000,0.9994,0.0005
0.0005,0.9918,0.0078
0.5085,0.0550,0.4365
0.0511,0.0504,0.8985
0.0000,0.9028,0.0971
0.0000,1.0000,0.0000
0.4183,0.5676,0.0141
0.0000,0.9994,0.0006
0.0050,0.2335,0.7615
0.0000,0.9997,0.0003
0.0000,0.9988,0.0012
0.0000,1.0000,0.0000
0.0241,0.9724,0.0035
0.0308,0.6658,0.3034
0.0404,0.9369,0.0227
0.0020,0.9454,0.0526
0.0051,0.9874,0.0075
0.0000,1.0000,0.0000
0.0001,0.9652,0.0347
0.0001,0.9936,0.0063
0.0004,0.9940,0.0055
0.0177,0.9033,0.0790
0.0000,0.9999,0.0001
0.0000,1.0000,0.0000
0.0007,0.9940,0.0052
0.0041,0.9548,0.0412
0.0000,0.9988,0.0012
0.0001,0.9998,0.0001
0.0002,0.9472,0.0526
0.0000,0.9997,0.0003
0.0001,0.9833,0.0166
0.0000,0.9988,0.0012
0.0005,0.9994,0.0001
0.0000,1.0000,0.0000
0.0016,0.9956,0.0028
0.0002,0.9996,0.0002
0.0002,0.9998,0.0001
0.0000,1.0000,0.0000
0.0000,0.9930,0.0070
0.0217,0.9627,0.0156
0.0000,1.0000,0.0000
0.0032,0.5787,0.4181
0.0000,1.0000,0.0000
0.0001,0.9788,0.0211
0.0000,0.9996,0.0004
0.0000,0.9975,0.0025
0.0000,0.9982,0.0018
0.0000,1.0000,0.0000
0.0000,0.9998,0.0002
0.3350,0.5435,0.1215
0.0000,0.9970,0.0030
0.0000,0.9999,0.0001
0.0000,0.8873,0.1126
0.0000,0.9955,0.0045
0.0000,0.9998,0.0002
0.0000,1.0000,0.0000
0.0008,0.9552,0.0439
0.0001,0.9994,0.0005
0.0000,0.9999,0.0000
0.0000,0.9995,0.0005
0.0000,0.9967,0.0033
0.0000,0.9999,0.0001
0.0000,0.9971,0.0029
0.0000,1.0000,0.0000
0.0002,0.9845,0.0153
0.0000,0.9999,0.0000
0.0000,0.9998,0.0002
0.0007,0.9991,0.0002
0.0008,0.9626,0.0365
0.0676,0.8767,0.0557
0.0000,1.0000,0.0000
0.0018,0.9462,0.0520
0.0030,0.9874,0.0096
0.0000,1.0000,0.0000
0.4066,0.5639,0.0295
0.0015,0.9983,0.0003
0.0000,1.0000,0.0000
0.0000,1.0000,0.0000
0.0000,0.9997,0.0003
0.1751,0.8234,0.0015
0.0001,0.9999,0.0000
0.0095,0.9237,0.0668
0.0000,0.9990,0.0010
0.0009,0.9984,0.0007
0.0035,0.9127,0.0837
0.0004,0.8338,0.1657
0.0000,1.0000,0.0000
0.0000,1.0000,0.0000
0.0000,0.9999,0.0001
0.0004,0.9873,0.0123
0.0015,0.9921,0.0065
0.0000,1.0000,0.0000
0.0000,1.0000,0.0000
0.0001,0.9929,0.0070
0.0009,0.9567,0.0424
0.0002,0.9996,0.0002
0.0000,0.9963,0.0037
0.0006,0.9956,0.0038
0.0003,0.9781,0.0216
0.0102,0.3611,0.6287
0.0041,0.7641,0.2319
0.1821,0.0422,0.7758
0.0000,1.0000,0.0000
0.0000,0.9994,0.0006
0.0005,0.9977,0.0018
0.0000,1.0000,0.0000
0.0093,0.8671,0.1235
0.0046,0.8894,0.1060
0.0000,0.9992,0.0008
0.0001,0.5240,0.4759
0.0004,0.9994,0.0002
0.0001,0.9988,0.0010
0.0000,0.9958,0.0042
0.0000,1.0000,0.0000
0.0001,0.8579,0.1420
0.0332,0.9463,0.0205
0.0003,0.3881,0.6116
0.0011,0.9939,0.0050
0.0000,0.9563,0.0437
0.0000,0.9981,0.0019
0.0000,0.9999,0.0000
0.0002,0.9953,0.0046
0.0407,0.4437,0.5157
0.0160,0.3344,0.6496
0.0000,1.0000,0.0000
0.0001,0.9791,0.0208
0.0000,1.0000,0.0000
0.0001,0.9992,0.0007
0.0000,0.0221,0.9778
0.0000,1.0000,0.0000
0.0000,0.9928,0.0072
0.0002,0.9764,0.0234
0.0004,0.9976,0.0020
0.0000,0.6088,0.3911
0.0003,0.9996,0.0001
0.0000,1.0000,0.0000
0.0153,0.9779,0.0068
0.0000,0.9998,0.0002
0.0111,0.8391,0.1498
0.0000,0.9999,0.0001
0.0000,0.9994,0.0006
0.0007,0.9962,0.0031
0.0000,0.9999,0.0001
0.0000,1.0000,0.0000
0.0000,1.0000,0.0000
0.0000,1.0000,0.0000
0.9014,0.0730,0.0256
0.0248,0.9542,0.0210
0.0001,0.8156,0.1844
0.0005,0.9994,0.0001
0.0001,0.9958,0.0041
0.0000,0.9965,0.0035
0.0002,0.9994,0.0004
0.0002,0.1168,0.8830
0.0002,0.9952,0.0045
0.0011,0.9698,0.0290
0.0006,0.6959,0.3035
0.0000,1.0000,0.0000
0.0000,0.9972,0.0028
0.0000,0.9998,0.0002
0.0000,0.9303,0.0697
0.0001,0.9999,0.0000
0.0000,0.9786,0.0214
0.0667,0.8672,0.0662
0.0006,0.9617,0.0377
0.0001,0.9979,0.0020
0.0399,0.2014,0.7587
0.0009,0.7332,0.2659
0.0000,0.9939,0.0061
0.0000,0.9980,0.0020
0.0000,0.9990,0.0010
0.0000,0.9993,0.0006
0.0112,0.9886,0.0002
0.0000,0.9983,0.0017
0.0000,0.9999,0.0000
0.0000,0.9981,0.0019
0.0134,0.8247,0.1618
0.0068,0.9909,0.0024
0.0000,1.0000,0.0000
0.0010,0.9990,0.0000
0.0001,0.9980,0.0019
0.0000,0.9989,0.0011
0.0000,0.9868,0.0132
0.0000,1.0000,0.0000
0.0000,0.9394,0.0605
0.0000,0.9865,0.0135
0.0007,0.8565,0.1429
0.0003,0.9985,0.0012
0.0114,0.9859,0.0028
0.0002,0.9963,0.0035
0.0003,0.9132,0.0865
0.0000,1.0000,0.0000
0.0000,0.9991,0.0009
0.0008,0.9991,0.0000
0.0053,0.9240,0.0707
0.0000,0.9999,0.0001
0.0000,0.9999,0.0001
0.0000,1.0000,0.0000
0.0001,0.9997,0.0001
0.0053,0.9915,0.0032
0.0000,0.9961,0.0039
0.0000,0.9965,0.0035
0.0000,1.0000,0.0000
0.0000,0.9999,0.0001
0.0000,0.9999,0.0001
0.0000,1.0000,0.0000
0.0000,0.9999,0.0001
0.0010,0.9912,0.0078
0.0000,0.9927,0.0073
0.0000,0.9999,0.0001
0.0003,0.9997,0.0000
0.0000,1.0000,0.0000
0.0009,0.3243,0.6748
0.0077,0.8718,0.1206
0.0000,0.9972,0.0028
0.0044,0.9748,0.0208
0.0000,0.9999,0.0001
0.0000,0.9920,0.0080
0.0003,0.9977,0.0020
0.0000,0.9999,0.0001
0.0000,1.0000,0.0000
0.0001,0.9991,0.0008
0.0003,0.9959,0.0037
0.0198,0.9664,0.0138
0.0000,0.9999,0.0001
0.0000,0.9998,0.0002
0.0000,0.9999,0.0001
0.0000,0.9355,0.0645
0.0012,0.9950,0.0037
0.0100,0.9580,0.0320
0.0008,0.8343,0.1649
0.0000,1.0000,0.0000
0.0000,1.0000,0.0000
0.0000,1.0000,0.0000
0.0026,0.9875,0.0098
0.0000,1.0000,0.0000
0.0001,0.9993,0.0006
0.0000,0.9999,0.0001
0.0000,1.0000,0.0000
0.0005,0.9782,0.0214
0.0003,0.9841,0.0157
0.0000,0.0380,0.9620
0.0000,0.9998,0.0002
0.0033,0.9808,0.0159
0.0286,0.8782,0.0932
0.0000,0.9994,0.0006
0.0000,0.9988,0.0012
0.0003,0.9983,0.0014
0.0018,0.9836,0.0146
0.0001,0.9929,0.0071
0.0000,0.9948,0.0052
0.0000,0.9967,0.0033
0.0006,0.9986,0.0008
0.0063,0.9798,0.0140
0.0000,0.9931,0.0069
0.0034,0.9946,0.0021
0.0001,0.9932,0.0067
0.0000,0.9956,0.0043
0.0000,1.0000,0.0000
0.0021,0.7341,0.2638
0.0310,0.6506,0.3185
0.0236,0.8813,0.0951
0.1030,0.6892,0.2078
0.0001,0.9984,0.0015
0.0000,1.0000,0.0000
0.0000,0.9999,0.0001
0.0028,0.8019,0.1953
0.0003,0.7336,0.2661
0.0001,0.9948,0.0051
0.0000,1.0000,0.0000
0.0031,0.9828,0.0141
0.0000,0.7396,0.2604
0.0000,0.9879,0.0121
0.0000,0.9969,0.0031
0.0000,0.8411,0.1589
0.0000,0.9997,0.0002
0.0000,1.0000,0.0000
0.0013,0.9945,0.0043
0.0000,0.9999,0.0001
0.0000,0.9955,0.0045
0.0000,1.0000,0.0000
0.0000,0.9988,0.0012
0.0000,0.9954,0.0046
0.0167,0.9719,0.0114
0.0001,0.9999,0.0000
0.0008,0.9910,0.0083
0.0001,0.9305,0.0694
0.0000,1.0000,0.0000
0.0010,0.9983,0.0008
0.0001,0.9965,0.0034
0.0000,0.9992,0.0008
0.0016,0.2455,0.7529
0.0000,0.9987,0.0013
0.0022,0.9956,0.0022
0.0000,1.0000,0.0000
0.0001,0.9998,0.0001
0.0000,0.9995,0.0005
0.0001,0.0014,0.9985
0.0000,1.0000,0.0000
0.0112,0.9878,0.0010
0.0000,0.9998,0.0002
0.0000,1.0000,0.0000
0.1269,0.8720,0.0011
0.0000,1.0000,0.0000
0.0000,0.9989,0.0011
0.0002,0.0580,0.9418
0.0008,0.9720,0.0272
0.0045,0.9944,0.0011
0.5844,0.3863,0.0293
0.0000,1.0000,0.0000
0.0004,0.9902,0.0094
0.0000,0.9984,0.0016
0.0000,1.0000,0.0000
0.0000,1.0000,0.0000
0.0036,0.9962,0.0002
0.0001,0.9998,0.0002
0.0000,0.9917,0.0083
0.0000,1.0000,0.0000
0.0005,0.2902,0.7093
0.0209,0.3178,0.6613
0.0000,0.9984,0.0016
0.0000,0.9999,0.0001
0.0000,0.9939,0.0061
0.0032,0.2726,0.7242
0.0000,0.9999,0.0001
0.0008,0.9861,0.0131
0.0000,1.0000,0.0000
0.0005,0.8975,0.1020
0.0000,1.0000,0.0000
0.0000,1.0000,0.0000
0.0001,0.9998,0.0000
0.0000,1.0000,0.0000
0.8126,0.1845,0.0029
0.0001,0.9999,0.0000
0.0000,0.9999,0.0001
0.0010,0.9989,0.0001
0.0481,0.2778,0.6741
0.0000,1.0000,0.0000
0.0000,1.0000,0.0000
0.0000,0.9981,0.0019
0.0998,0.8983,0.0020
0.0631,0.2529,0.6840
0.0072,0.9428,0.0500
0.0001,0.9999,0.0000
0.0000,0.9990,0.0010
0.0000,0.9999,0.0001
0.0000,0.9999,0.0001
0.0000,0.8926,0.1074
0.0001,0.9999,0.0000
0.0000,1.0000,0.0000
0.0000,0.9999,0.0001
0.0001,0.9993,0.0007
0.0000,1.0000,0.0000
0.0074,0.9925,0.0002
0.0004,0.9921,0.0075
0.0766,0.9107,0.0127
0.0218,0.9746,0.0035
0.7331,0.2451,0.0218
0.1157,0.2380,0.6463
0.0000,0.9998,0.0002
0.0014,0.9402,0.0584
0.0006,0.9944,0.0050
0.0001,0.9851,0.0148
0.0005,0.7929,0.2066
0.0000,0.9790,0.0210
0.0003,0.9676,0.0321
0.0000,0.9962,0.0038
0.0000,0.9971,0.0029
0.0177,0.8924,0.0899
0.0000,1.0000,0.0000
0.0000,1.0000,0.0000
0.0000,1.0000,0.0000
0.0982,0.4319,0.4699
0.0001,0.9833,0.0167
0.0056,0.9868,0.0075
0.0000,1.0000,0.0000
0.0000,0.9993,0.0007
0.0000,1.0000,0.0000
0.0051,0.9559,0.0391
0.0000,0.9996,0.0004
0.0008,0.9946,0.0045
0.0006,0.9950,0.0044
0.0000,1.0000,0.0000
0.0000,0.8821,0.1179
0.0171,0.9610,0.0219
0.0000,1.0000,0.0000
0.0000,0.9995,0.0005
0.0000,0.9999,0.0001
0.0000,0.6327,0.3673
0.0002,0.9212,0.0786
0.0000,0.9994,0.0006
0.0000,0.9998,0.0002
0.0005,0.9815,0.0180
0.0007,0.9990,0.0004
0.0006,0.9986,0.0007
0.0000,0.9994,0.0006
0.0060,0.9773,0.0167
0.0000,1.0000,0.0000
0.5311,0.4591,0.0098
0.0000,0.9999,0.0001
0.0018,0.9820,0.0162
0.0002,0.9993,0.0005
0.0003,0.9879,0.0118
0.0001,0.9546,0.0453
0.0021,0.9970,0.0009
0.8934,0.1004,0.0062
0.0000,0.9973,0.0026
0.0000,0.9999,0.0001
0.0000,0.9991,0.0009
0.0000,0.7062,0.2938
0.0000,0.9991,0.0009
0.0316,0.9670,0.0014
0.0000,0.9766,0.0234
0.0000,0.9993,0.0007
0.0002,0.9995,0.0003
0.0013,0.8867,0.1120
0.0000,1.0000,0.0000
0.0000,0.9993,0.0007
0.0000,0.9991,0.0009
0.0012,0.9973,0.0015
0.0005,0.9820,0.0175
0.0000,0.9990,0.0010
0.0031,0.4635,0.5334
0.0000,0.9962,0.0038
0.0000,0.9924,0.0076
0.0001,0.9994,0.0005
0.0001,0.9998,0.0001
0.0000,0.9996,0.0004
0.0000,0.9392,0.0608
0.0021,0.9961,0.0017
0.0001,0.9948,0.0051
0.0000,1.0000,0.0000
0.0000,1.0000,0.0000
0.0004,0.9993,0.0003
0.0000,1.0000,0.0000
0.0000,1.0000,0.0000
0.0000,0.9999,0.0001
0.0000,1.0000,0.0000
0.0040,0.9859,0.0102
0.0000,1.0000,0.0000
0.0000,0.9996,0.0004
0.0064,0.9584,0.0351
0.0000,0.9983,0.0017
0.0000,0.9998,0.0001
0.1612,0.3972,0.4416
0.1014,0.8081,0.0905
0.0000,0.9997,0.0003
0.0000,1.0000,0.0000
0.0000,0.9986,0.0014
0.0000,1.0000,0.0000
0.0000,0.9997,0.0003
0.0000,0.9947,0.0052
0.0032,0.9958,0.0010
0.0000,1.0000,0.0000
0.0000,0.9999,0.0001
0.0000,0.9907,0.0093
0.0000,0.9994,0.0006
0.0010,0.9919,0.0071
0.0003,0.9392,0.0606
0.0000,0.9999,0.0001
0.0000,0.8192,0.1808
0.0001,0.9906,0.0093
0.0000,1.0000,0.0000
0.0000,0.9972,0.0028
0.0000,0.9978,0.0022
0.0002,0.9981,0.0017
0.0000,0.9953,0.0047
0.0410,0.9358,0.0232
0.1312,0.8272,0.0415
0.0948,0.8058,0.0994
0.0137,0.8963,0.0900
0.0000,1.0000,0.0000
0.0000,0.8647,0.1352
0.0000,0.9926,0.0073
0.1532,0.8150,0.0319
0.4271,0.5355,0.0374
0.5529,0.4165,0.0306
0.0038,0.5619,0.4342
0.0003,0.9996,0.0001
0.0000,0.9864,0.0136
0.0008,0.0566,0.9426
0.0091,0.4726,0.5183
0.0000,0.9998,0.0002
0.0000,0.9989,0.0011
0.0000,1.0000,0.0000
0.0005,0.5665,0.4330
0.0000,0.9996,0.0004
0.0000,0.9921,0.0079
0.0036,0.6654,0.3310
0.0001,0.9984,0.0015
0.0002,0.8639,0.1358
0.0006,0.9249,0.0745
0.0000,0.9987,0.0013
0.0000,0.9510,0.0490
0.0190,0.9705,0.0105
0.0000,0.9982,0.0018
0.0000,0.6939,0.3061
0.0081,0.9749,0.0170
0.0000,1.0000,0.0000
0.0052,0.8874,0.1074
0.0000,0.2796,0.7204
0.0001,0.9801,0.0198
0.0003,0.9313,0.0684
0.0000,1.0000,0.0000
0.0000,0.9997,0.0003
0.0000,1.0000,0.0000
0.0001,0.9997,0.0002
0.0000,0.9965,0.0035
0.0001,0.9989,0.0009
0.0000,0.9999,0.0001
0.0402,0.9487,0.0111
0.0000,0.9990,0.0010
0.0000,0.9948,0.0052
0.0001,0.9295,0.0705
0.0000,1.0000,0.0000
0.0001,0.9996,0.0002
0.0002,0.9997,0.0001
0.0031,0.9742,0.0227
0.0000,1.0000,0.0000
0.0010,0.4703,0.5287
0.0000,0.4824,0.5176
0.0000,0.1856,0.8143
0.0009,0.4904,0.5087
0.0073,0.8699,0.1228
0.0000,0.9989,0.0011
0.0117,0.8696,0.1187
0.0000,1.0000,0.0000
0.0000,1.0000,0.0000
0.0000,0.9978,0.0021
0.0000,1.0000,0.0000
0.0019,0.3161,0.6820
0.0037,0.9957,0.0006
0.0000,0.9989,0.0011
0.0108,0.8653,0.1239
0.0000,0.9999,0.0001
0.0000,0.9978,0.0022
0.0000,0.9996,0.0004
0.0006,0.8007,0.1987
0.0000,0.9994,0.0006
0.0000,1.0000,0.0000
0.0060,0.9914,0.0026
0.0000,0.9990,0.0010
0.0000,0.9999,0.0001
0.0000,0.9991,0.0008
0.0107,0.9860,0.0034
0.0000,1.0000,0.0000
0.0170,0.8734,0.1096
0.0655,0.9314,0.0032
0.0069,0.9876,0.0056
0.0000,1.0000,0.0000
0.0627,0.7533,0.1840
0.0003,0.8752,0.1245
0.0001,0.9558,0.0440
0.0000,1.0000,0.0000
0.2079,0.3919,0.4003
0.2018,0.3296,0.4686
0.0052,0.9948,0.0000
0.0000,1.0000,0.0000
0.0000,0.9996,0.0004
0.0161,0.9833,0.0006
0.6177,0.3560,0.0263
0.0025,0.9964,0.0011
0.0000,0.9972,0.0028
0.0001,0.9984,0.0015
0.0001,0.9981,0.0018
0.0001,0.9840,0.0159
0.0000,0.9877,0.0123
0.0113,0.3431,0.6456
0.0000,1.0000,0.0000
0.0001,0.9828,0.0170
0.0004,0.9919,0.0077
0.0854,0.9142,0.0004
0.0000,0.8844,0.1155
0.0160,0.7912,0.1928
0.6225,0.3476,0.0299
0.0363,0.9432,0.0206
0.0000,0.9800,0.0200
0.0000,1.0000,0.0000
0.0007,0.7626,0.2366
0.0517,0.7967,0.1516
0.0011,0.9839,0.0150
0.0001,0.9968,0.0032
0.0000,0.9998,0.0002
0.0100,0.9562,0.0338
0.0000,1.0000,0.0000
0.0000,0.9871,0.0128
0.0000,0.9913,0.0087
0.0001,0.9075,0.0924
0.0000,1.0000,0.0000
0.0000,0.9999,0.0001
0.0001,0.9999,0.0000
0.0002,0.9995,0.0003
0.0007,0.9981,0.0012
0.0000,1.0000,0.0000
0.0000,1.0000,0.0000
0.0000,0.9735,0.0265
0.0006,0.5417,0.4577
0.0001,0.2601,0.7398
0.0007,0.9888,0.0105
0.0016,0.9746,0.0239
0.0005,0.7666,0.2329
0.0000,0.9976,0.0024
0.0000,0.9988,0.0012
0.0001,0.7045,0.2954
0.0001,0.9998,0.0002
0.0001,0.9981,0.0018
0.0119,0.9880,0.0002
0.0000,0.9999,0.0001
0.0033,0.9035,0.0932
0.0000,0.9987,0.0012
0.0000,0.9995,0.0005
0.0001,0.9999,0.0000
0.0004,0.7475,0.2522
0.0001,0.9998,0.0001
0.0007,0.9992,0.0001
0.0000,0.9998,0.0002
0.0000,0.9945,0.0055
0.0000,0.9863,0.0136
0.0015,0.9948,0.0037
0.0000,1.0000,0.0000
0.0000,1.0000,0.0000
0.0000,0.9997,0.0003
0.0000,0.9996,0.0004
0.0001,0.9976,0.0023
0.0000,1.0000,0.0000
0.0015,0.9881,0.0103
0.0519,0.9368,0.0113
0.0003,0.5353,0.4644
0.0022,0.9970,0.0007
0.0000,0.9972,0.0027
0.0001,0.9999,0.0000
0.0000,0.1574,0.8426
0.0000,0.9929,0.0071
0.0006,0.9625,0.0369
0.0000,1.0000,0.0000
0.0000,0.9979,0.0021
0.0000,1.0000,0.0000
0.0000,0.9987,0.0013
0.0110,0.9871,0.0019
0.0001,0.9913,0.0086
0.0006,0.9903,0.0091
0.0046,0.9880,0.0074
0.0045,0.9948,0.0008
0.0000,0.7155,0.2845
0.0000,1.0000,0.0000
0.0035,0.9963,0.0002
0.0000,0.9999,0.0001
0.0000,1.0000,0.0000
0.0300,0.9388,0.0312
0.0000,0.9993,0.0007
0.0001,0.9315,0.0685
0.0009,0.8629,0.1362
0.0000,0.9955,0.0045
0.0038,0.9950,0.0012
0.0000,1.0000,0.0000
0.0000,0.9987,0.0013
0.0000,0.7357,0.2643
0.2317,0.4442,0.3241
0.0001,0.9999,0.0000
0.0067,0.9035,0.0897
0.0368,0.9592,0.0041
0.0964,0.8797,0.0239
0.0071,0.9921,0.0008
0.1918,0.8077,0.0005
0.0112,0.9886,0.0002
0.0000,1.0000,0.0000
0.0000,0.9999,0.0000
0.0000,1.0000,0.0000
0.0017,0.9270,0.0713
0.0000,1.0000,0.0000
0.0269,0.0528,0.9203
0.0000,0.9999,0.0001
0.0288,0.9685,0.0027
0.0011,0.0205,0.9784
0.0437,0.8830,0.0732
0.0000,1.0000,0.0000
0.0000,0.9997,0.0003
0.0000,0.9917,0.0082
0.0002,0.9985,0.0012
0.0001,0.8183,0.1816
0.0001,0.9977,0.0022
0.0010,0.9971,0.0019
0.0737,0.5148,0.4115
0.0118,0.9877,0.0005
0.0002,0.9996,0.0001
0.0000,0.9902,0.0098
0.0000,0.9999,0.0001
0.0463,0.9496,0.0041
0.1628,0.8017,0.0355
0.1795,0.5636,0.2569
0.0001,0.9906,0.0093
0.0000,0.9987,0.0013
0.0368,0.9184,0.0448
0.0003,0.9995,0.0002
0.0026,0.5910,0.4065
0.0014,0.8957,0.1028
0.0000,1.0000,0.0000
0.0002,0.9991,0.0007
0.0000,1.0000,0.0000
0.0000,0.9999,0.0001
0.0004,0.9992,0.0004
0.0018,0.9980,0.0002
0.0001,0.9988,0.0012
0.0002,0.9949,0.0049
0.0000,1.0000,0.0000
0.0000,0.9999,0.0000
0.0004,0.9983,0.0013
0.0000,1.0000,0.0000
0.0000,0.9999,0.0001
0.7540,0.1381,0.1079
0.0000,0.9999,0.0001
0.0014,0.9986,0.0000
0.0000,0.9968,0.0032
0.0000,0.9929,0.0070
0.5237,0.4095,0.0668
0.0281,0.1749,0.7970
0.0000,0.9999,0.0001
0.0001,0.9944,0.0055
0.0004,0.9994,0.0002
0.0000,0.9981,0.0019
0.0005,0.9756,0.0240
0.7189,0.2028,0.0783
0.6347,0.3571,0.0082
0.0793,0.3722,0.5485
0.7110,0.2888,0.0002
0.0335,0.9376,0.0290
0.0000,1.0000,0.0000
0.0000,0.9704,0.0296
0.0001,0.9995,0.0004
0.0005,0.9995,0.0001
0.0000,0.9995,0.0004
0.0005,0.9994,0.0001
0.0000,0.9992,0.0008
0.0000,0.9993,0.0007
0.0000,1.0000,0.0000
0.0000,1.0000,0.0000
0.0008,0.9094,0.0898
0.0002,0.9597,0.0400
0.0000,0.9995,0.0004
0.0000,1.0000,0.0000
0.3341,0.5972,0.0687
0.0000,1.0000,0.0000
0.0000,0.9971,0.0028
0.0001,0.9935,0.0064
0.0000,0.6485,0.3515
0.0002,0.9958,0.0040
0.0000,1.0000,0.0000
0.0005,0.1111,0.8885
0.0000,0.8090,0.1910
0.0004,0.9996,0.0000
0.0000,0.9999,0.0001
0.0000,1.0000,0.0000
0.0000,0.9994,0.0006
0.0000,1.0000,0.0000
0.0000,0.9999,0.0001
0.0001,0.9279,0.0720
0.0049,0.9948,0.0003
0.0001,0.9978,0.0021
0.0005,0.3760,0.6235
0.0002,0.9985,0.0012
0.0000,0.9959,0.0041
0.0000,0.9857,0.0143
0.0000,0.9984,0.0016
0.0011,0.9987,0.0002
0.0407,0.9462,0.0131
0.0000,1.0000,0.0000
0.0000,0.9718,0.0282
0.0000,0.9913,0.0087
0.0000,1.0000,0.0000
0.0000,0.9804,0.0196
0.0000,0.9991,0.0009
0.0000,0.9998,0.0002
0.0068,0.7558,0.2375
0.0005,0.0134,0.9861
0.0005,0.9052,0.0943
0.0000,0.9999,0.0001
0.0000,0.9999,0.0001
0.0192,0.3290,0.6518
0.0000,1.0000,0.0000
0.0000,0.9992,0.0008
0.0000,0.9997,0.0002
0.0010,0.9990,0.0001
0.0006,0.7720,0.2274
0.0097,0.9690,0.0213
0.1406,0.8495,0.0099
0.3478,0.6221,0.0300
0.0177,0.9817,0.0006
0.0104,0.9727,0.0169
0.0003,0.9856,0.0141
0.0004,0.9994,0.0002
0.0737,0.6566,0.2697
0.5073,0.4465,0.0462
0.0313,0.7590,0.2097
0.0001,0.9998,0.0001
0.0043,0.9941,0.0016
0.0000,0.9845,0.0155
0.0511,0.5114,0.4375
0.0000,0.9995,0.0004
0.0000,0.9985,0.0015
0.0000,0.9999,0.0001
0.0000,0.9999,0.0001
0.0002,0.9982,0.0016
0.0000,0.9833,0.0167
0.0000,0.5322,0.4678
0.0000,0.9999,0.0001
0.0000,1.0000,0.0000
0.0000,0.9960,0.0040
0.0002,0.9998,0.0000
0.0000,0.9999,0.0001
0.0000,0.9991,0.0009
0.0033,0.9194,0.0773
0.0000,0.7348,0.2652
0.0000,0.9998,0.0002
0.0000,1.0000,0.0000
0.0000,1.0000,0.0000
0.0000,0.9994,0.0005
0.0000,0.9974,0.0026
0.0044,0.8018,0.1938
0.0000,0.9997,0.0003
0.0002,0.9970,0.0028
0.0000,1.0000,0.0000
0.0056,0.8613,0.1331
0.0008,0.8985,0.1006
0.0014,0.8672,0.1314
0.0002,0.9997,0.0001
0.0000,1.0000,0.0000
0.0000,1.0000,0.0000
0.0000,0.9831,0.0169
0.0005,0.9995,0.0000
0.0000,0.9991,0.0009
0.0000,0.9932,0.0068
0.0064,0.9902,0.0035
0.0000,0.9995,0.0005
0.0000,0.9992,0.0008
0.0008,0.0579,0.9413
0.0000,0.9999,0.0001
0.0000,1.0000,0.0000
0.0005,0.9995,0.0000
0.0022,0.9964,0.0014
0.0005,0.9988,0.0007
0.0000,1.0000,0.0000
0.0000,1.0000,0.0000
0.0000,1.0000,0.0000
0.0068,0.9299,0.0633
0.0000,1.0000,0.0000
0.0000,0.9993,0.0007
0.0000,1.0000,0.0000
0.0032,0.9967,0.0001
0.0002,0.9732,0.0266
0.0080,0.9735,0.0185
0.0000,0.9994,0.0006
0.0000,0.9997,0.0003
0.0000,1.0000,0.0000
0.0000,1.0000,0.0000
0.0000,1.0000,0.0000
0.0000,1.0000,0.0000
0.5471,0.3935,0.0594
0.0000,0.9999,0.0001
0.0000,1.0000,0.0000
0.0037,0.8945,0.1018
0.1888,0.8067,0.0045
0.0003,0.9994,0.0003
0.0000,0.2604,0.7396
0.0000,1.0000,0.0000
0.0000,0.9457,0.0542
0.0001,0.9987,0.0013
0.0000,0.9997,0.0003
0.0002,0.9998,0.0000
0.0019,0.9975,0.0006
0.0000,0.9981,0.0019
0.0036,0.4477,0.5487
0.0002,0.9816,0.0182
0.0001,0.8932,0.1067
0.3192,0.6006,0.0802
0.0085,0.9413,0.0502
0.3833,0.1326,0.4842
0.0105,0.9866,0.0030
0.0034,0.5265,0.4701
0.0000,0.9975,0.0025
0.0000,0.9998,0.0002
0.0000,0.8640,0.1360
0.0000,0.9902,0.0098
0.0000,0.9999,0.0001
0.0000,1.0000,0.0000
0.0015,0.9843,0.0142
0.0175,0.9724,0.0101
0.0000,1.0000,0.0000
0.0001,0.9997,0.0002
0.0006,0.9987,0.0007
0.0000,1.0000,0.0000
0.0000,0.9961,0.0039
0.0002,0.9993,0.0006
0.0000,1.0000,0.0000
0.0000,0.9924,0.0076
0.0009,0.9926,0.0066
0.0001,0.9925,0.0074
0.0000,1.0000,0.0000
0.0001,0.4856,0.5143
0.0000,0.0432,0.9567
0.0018,0.9982,0.0000
0.0004,0.9984,0.0011
0.0000,0.9991,0.0008
0.0000,0.9997,0.0003
0.0545,0.7313,0.2142
0.0050,0.9916,0.0035
0.0000,0.2734,0.7266
0.0010,0.9984,0.0006
0.0001,0.9978,0.0021
0.0034,0.9958,0.0008
0.0000,0.9998,0.0002
0.0008,0.0921,0.9071
0.0000,0.9715,0.0285
0.0000,1.0000,0.0000
0.0748,0.9078,0.0174
0.0179,0.9762,0.0059
0.0000,0.8526,0.1474
0.0001,0.9999,0.0000
0.0064,0.6575,0.3362
0.0000,0.0186,0.9814
0.0001,0.9460,0.0539
0.3491,0.6290,0.0219
0.0002,0.9990,0.0008
0.0000,1.0000,0.0000
0.0002,0.9801,0.0196
0.0000,1.0000,0.0000
0.0019,0.6328,0.3653
0.0011,0.0816,0.9173
0.0310,0.9532,0.0158
0.0002,0.9626,0.0372
0.6665,0.3211,0.0124
0.8841,0.1079,0.0080
0.0008,0.9987,0.0005
0.5804,0.2278,0.1918
0.1596,0.7100,0.1304
0.0424,0.2249,0.7327
0.0000,1.0000,0.0000
0.0027,0.9956,0.0017
0.0025,0.9972,0.0003
0.0000,0.9851,0.0149
0.1444,0.6774,0.1781
0.9011,0.0481,0.0508
0.0140,0.9843,0.0017
1.0000,0.0000,0.0000
0.0187,0.8352,0.1461
0.0001,0.9996,0.0003
0.0000,1.0000,0.0000
0.8753,0.0939,0.0309
0.0000,0.9982,0.0018
0.0000,0.9990,0.0010
0.0983,0.8655,0.0362
0.0002,0.3788,0.6210
0.0001,0.9999,0.0001
0.0002,0.9858,0.0139
0.0748,0.9209,0.0043
0.0025,0.9975,0.0000
0.0000,0.9989,0.0011
0.1317,0.8682,0.0001
0.0124,0.6424,0.3452
0.6298,0.3557,0.0145
0.9135,0.0759,0.0106
0.8668,0.0953,0.0379
0.8668,0.0953,0.0379
0.8668,0.0953,0.0379
0.8668,0.0953,0.0379
0.8668,0.0953,0.0379
0.8668,0.0953,0.0379
0.5688,0.1807,0.2505
0.0000,0.8817,0.1182
0.0534,0.9466,0.0001
0.0035,0.9958,0.0008
0.0000,1.0000,0.0000
0.0000,0.9992,0.0008
0.1854,0.8142,0.0004
0.0008,0.9991,0.0000
0.0001,0.9651,0.0349
0.0136,0.4272,0.5591
0.0062,0.9938,0.0000
0.0004,0.9969,0.0027
0.9968,0.0032,0.0000
0.0519,0.9474,0.0008
0.0838,0.9045,0.0118
0.9950,0.0033,0.0017
0.0000,1.0000,0.0000
0.0002,0.9903,0.0095
0.0303,0.9246,0.0451
0.0002,0.9981,0.0017
0.0000,0.9971,0.0029
0.0445,0.9484,0.0071
0.0000,0.2071,0.7929
0.0011,0.9710,0.0279
0.0002,0.9958,0.0040
0.0000,1.0000,0.0000
0.0063,0.8319,0.1618
0.0010,0.9972,0.0018
0.0023,0.9768,0.0209
0.0000,1.0000,0.0000
0.0009,0.9985,0.0007
0.0106,0.0000,0.9893
0.0000,0.9787,0.0213
0.5927,0.4059,0.0014
0.0015,0.9964,0.0022
0.0000,0.9997,0.0003
0.0759,0.9088,0.0153
0.6136,0.3815,0.0049
0.0000,0.9632,0.0368
0.0038,0.6065,0.3897
0.4066,0.5924,0.0010
0.0152,0.8551,0.1297
0.0000,0.0029,0.9971
0.0000,0.8758,0.1242
0.0001,0.9935,0.0064
0.0000,0.9986,0.0013
0.0015,0.9126,0.0859
0.0000,1.0000,0.0000
0.0115,0.9757,0.0128
0.0002,0.4681,0.5316
0.0053,0.8730,0.1217
0.0005,0.7880,0.2115
0.0000,0.9868,0.0132
0.0028,0.8778,0.1194
0.5365,0.4615,0.0020
0.0000,0.9999,0.0001
0.7554,0.2006,0.0441
0.0000,0.9989,0.0011
0.0089,0.9907,0.0005
0.0029,0.9971,0.0000
0.0004,0.9986,0.0010
0.0000,0.5642,0.4358
0.0818,0.9182,0.0001
0.0310,0.8682,0.1008
0.0000,0.9999,0.0000
0.0009,0.9987,0.0004
0.0007,0.9821,0.0172
0.0001,0.9987,0.0013
0.0316,0.9667,0.0017
0.0021,0.9978,0.0000
0.0000,1.0000,0.0000
0.0039,0.9863,0.0098
0.0001,0.9973,0.0027
0.0203,0.7570,0.2227
0.9397,0.0268,0.0335
0.3033,0.2423,0.4544
1.0000,0.0000,0.0000
0.0011,0.1996,0.7992
0.0003,0.9798,0.0199
0.0000,0.9985,0.0015
0.0004,0.9989,0.0007
0.0012,0.8761,0.1227
0.0000,0.9999,0.0001
0.2210,0.7789,0.0000
0.0024,0.9786,0.0190
0.0000,0.9999,0.0000
0.0000,0.9999,0.0001
0.0000,1.0000,0.0000
0.0272,0.9728,0.0000
0.2296,0.7578,0.0126
0.0015,0.7314,0.2671
0.0000,0.9999,0.0001
0.0000,0.9978,0.0022
0.0000,1.0000,0.0000
0.0000,0.9113,0.0887
0.0002,0.5049,0.4949
0.0000,0.9996,0.0004
0.0000,0.9995,0.0005
0.0013,0.5753,0.4235
0.0002,0.9640,0.0358
0.0060,0.5856,0.4083
0.3047,0.6706,0.0247
0.0066,0.9913,0.0020
0.2892,0.2069,0.5039
0.0009,0.9946,0.0045
0.0000,0.9998,0.0001
0.0000,1.0000,0.0000
0.0000,0.9999,0.0001
0.0001,0.9999,0.0000
0.0000,1.0000,0.0000
0.0000,1.0000,0.0000
0.0000,0.9995,0.0005
0.0000,0.8941,0.1059
0.0009,0.9952,0.0039
0.0000,1.0000,0.0000
0.0001,0.8512,0.1487
0.1090,0.8799,0.0111
0.0175,0.9408,0.0418
0.0019,0.9502,0.0479
0.0000,0.9995,0.0005
0.0000,0.9998,0.0001
0.0004,0.7886,0.2109
0.0047,0.9933,0.0020
0.0287,0.7654,0.2059
0.0066,0.9237,0.0698
0.9011,0.0217,0.0772
0.6857,0.2587,0.0556
0.5446,0.3909,0.0645
0.0000,0.9983,0.0017
0.0013,0.9965,0.0023
0.0000,0.9960,0.0040
0.0017,0.9927,0.0055
0.0000,1.0000,0.0000
0.0000,0.9842,0.0158
0.0000,0.9999,0.0001
0.0029,0.9934,0.0036
0.0000,0.9994,0.0006
0.0000,1.0000,0.0000
0.0000,0.9963,0.0037
0.0000,0.9897,0.0103
0.0000,0.9541,0.0459
0.0101,0.9831,0.0067
0.0015,0.9778,0.0207
0.0007,0.9943,0.0050
0.0000,0.9982,0.0018
0.0000,0.9182,0.0818
0.0021,0.9856,0.0123
0.0000,1.0000,0.0000
0.0000,0.9999,0.0001
0.0000,0.8990,0.1010
0.0000,0.9894,0.0106
0.0001,0.9986,0.0013
0.0007,0.9931,0.0061
0.0000,0.9897,0.0103
0.0000,1.0000,0.0000
0.0631,0.4900,0.4469
0.0001,0.9992,0.0007
0.0000,1.0000,0.0000
0.5759,0.4213,0.0028
0.2571,0.5380,0.2049
0.0027,0.6489,0.3485
0.0006,0.9991,0.0002
0.2364,0.7446,0.0191
0.0005,0.9344,0.0651
0.0000,1.0000,0.0000
0.0000,0.4074,0.5926
0.0012,0.9986,0.0002
0.0003,0.8250,0.1746
0.0007,0.9990,0.0003
0.0000,0.9997,0.0003
0.0028,0.9972,0.0000
0.0000,0.9997,0.0003
0.0018,0.9813,0.0169
0.0000,0.5034,0.4966
0.0000,0.9999,0.0001
0.0001,0.9999,0.0000
0.0013,0.9983,0.0004
0.0000,0.6350,0.3650
0.0047,0.9683,0.0270
0.0120,0.9467,0.0413
0.1904,0.3366,0.4731
0.1888,0.8107,0.0005
0.1928,0.7909,0.0163
0.0000,1.0000,0.0000
0.2464,0.6786,0.0751
0.0091,0.9127,0.0782
0.0006,0.9971,0.0023
0.0110,0.9094,0.0796
0.0028,0.9933,0.0040
0.0001,0.9946,0.0053
0.0000,0.9996,0.0004
0.0000,1.0000,0.0000
0.0002,0.9987,0.0011
0.0421,0.9522,0.0057
0.0004,0.9994,0.0002
0.0000,1.0000,0.0000
0.0004,0.9996,0.0000
0.0025,0.9957,0.0018
0.0000,0.9999,0.0001
0.0000,1.0000,0.0000
0.0000,0.9805,0.0195
0.0000,1.0000,0.0000
0.0002,0.9997,0.0002
0.0002,0.9987,0.0012
0.0000,0.9965,0.0035
0.0000,1.0000,0.0000
0.0000,1.0000,0.0000
0.0005,0.9991,0.0005
0.0055,0.9940,0.0005
0.1416,0.8398,0.0187
0.4527,0.2872,0.2601
0.0000,0.9999,0.0001
0.0020,0.8176,0.1803
0.0000,1.0000,0.0000
0.0042,0.9702,0.0257
0.0017,0.9735,0.0248
0.0002,0.9921,0.0077
0.0023,0.6498,0.3479
0.0000,0.0000,1.0000
0.0001,0.9999,0.0000
0.0246,0.8664,0.1090
0.0004,0.9558,0.0438
0.0002,0.9545,0.0453
0.0009,0.9980,0.0011
0.0123,0.9854,0.0023
0.0001,0.9998,0.0002
0.0004,0.9996,0.0001
0.0000,1.0000,0.0000
0.0001,0.9991,0.0008
0.0002,0.9433,0.0565
0.0012,0.9971,0.0017
0.0000,0.9996,0.0004
0.0000,0.9948,0.0052
0.0003,0.9995,0.0002
0.0043,0.9955,0.0002
0.0000,1.0000,0.0000
0.0201,0.9608,0.0190
0.0000,1.0000,0.0000
0.0000,0.9280,0.0720
0.0001,0.9960,0.0039
0.0004,0.2951,0.7045
0.0000,0.9989,0.0011
0.0000,0.9996,0.0004
0.0000,1.0000,0.0000
0.0000,1.0000,0.0000
0.0002,0.9986,0.0012
0.0000,1.0000,0.0000
0.0084,0.9401,0.0516
0.0000,1.0000,0.0000
0.0002,0.9914,0.0084
0.0799,0.9103,0.0098
0.0000,1.0000,0.0000
0.0000,0.9903,0.0097
0.0000,0.9623,0.0377
0.0004,0.9616,0.0381
0.0004,0.9855,0.0142
0.0000,1.0000,0.0000
0.0000,1.0000,0.0000
0.0001,0.9982,0.0018
0.0000,0.9760,0.0240
0.0001,0.7965,0.2034
0.0269,0.8685,0.1046
0.0355,0.9643,0.0002
0.0000,0.9999,0.0001
0.0000,1.0000,0.0000
0.0000,0.9978,0.0022
0.0000,0.9938,0.0062
0.0000,1.0000,0.0000
0.0796,0.9170,0.0034
0.2918,0.6922,0.0160
0.7838,0.1861,0.0301
0.0007,0.9964,0.0029
0.0012,0.6550,0.3437
0.0002,0.9992,0.0006
0.0099,0.9900,0.0001
0.1091,0.8657,0.0252
0.0000,0.9963,0.0036
0.0471,0.9460,0.0069
0.0000,0.9951,0.0049
0.0000,0.9971,0.0029
0.0123,0.9833,0.0044
0.0380,0.9200,0.0420
0.0002,0.9990,0.0009
0.0010,0.9979,0.0011
0.2805,0.0074,0.7121
0.0005,0.9839,0.0156
0.0005,0.2370,0.7625
0.0000,1.0000,0.0000
0.0011,0.9905,0.0084
0.0001,0.9999,0.0000
0.9946,0.0053,0.0000
0.0001,0.9937,0.0062
0.0016,0.9975,0.0010
0.0035,0.9918,0.0046
0.0000,0.9976,0.0024
0.0000,1.0000,0.0000
0.0000,0.9921,0.0079
0.0011,0.9867,0.0121
0.0860,0.5177,0.3963
0.0000,1.0000,0.0000
0.1021,0.7735,0.1243
0.0001,0.6371,0.3628
0.0469,0.1344,0.8187
0.0003,0.9990,0.0007
0.0001,0.9999,0.0000
0.0106,0.7942,0.1952
0.0000,0.9998,0.0002
0.0000,1.0000,0.0000
0.0000,0.9992,0.0008
0.0667,0.9247,0.0086
0.0000,1.0000,0.0000
0.1139,0.2366,0.6495
0.0023,0.9815,0.0162
0.0000,0.9998,0.0002
0.0000,0.9999,0.0000
0.0000,0.9976,0.0024
0.0003,0.9988,0.0009
0.1612,0.8321,0.0067
0.0012,0.9985,0.0002
0.0000,0.9999,0.0000
0.1181,0.7935,0.0884
0.0000,1.0000,0.0000
0.0000,0.9997,0.0003
0.0091,0.6763,0.3146
0.2597,0.5437,0.1966
0.0003,0.9993,0.0004
0.9670,0.0172,0.0158
0.0000,1.0000,0.0000
0.0000,0.9994,0.0006
0.0001,0.9999,0.0000
0.0000,1.0000,0.0000
0.0068,0.9924,0.0007
0.0517,0.8463,0.1020
0.0027,0.9536,0.0437
0.0017,0.9983,0.0000
0.0000,0.9999,0.0001
0.0000,0.9999,0.0001
0.0006,0.9782,0.0212
0.0000,1.0000,0.0000
0.0000,0.9974,0.0025
0.0027,0.9971,0.0002
0.5736,0.1996,0.2268
0.0010,0.9820,0.0171
0.0000,0.8750,0.1250
0.0151,0.9846,0.0003
0.0013,0.1651,0.8336
0.0493,0.9466,0.0040
0.0006,0.1493,0.8501
0.0003,0.9996,0.0002
0.0730,0.9005,0.0265
0.0000,0.9999,0.0000
0.0010,0.9304,0.0686
0.0000,1.0000,0.0000
0.0000,0.9999,0.0001
0.0000,1.0000,0.0000
0.0001,0.9999,0.0000
0.0187,0.9323,0.0489
0.0000,0.9997,0.0003
0.0187,0.9775,0.0037
0.0003,0.9721,0.0276
0.0000,0.9932,0.0068
0.0001,0.8193,0.1806
0.0033,0.9964,0.0003
0.0092,0.9884,0.0024
0.1064,0.7328,0.1608
0.6019,0.3842,0.0140
0.0138,0.9836,0.0026
0.0000,0.9997,0.0003
0.0316,0.9627,0.0057
0.0000,0.9865,0.0135
0.0224,0.9606,0.0170
0.0077,0.9762,0.0161
0.0012,0.0107,0.9882
0.0000,1.0000,0.0000
0.0000,0.9999,0.0001
0.0001,0.9997,0.0001
0.0000,1.0000,0.0000
0.0000,1.0000,0.0000
0.0000,1.0000,0.0000
0.0031,0.9737,0.0232
0.0137,0.9845,0.0018
0.0000,0.9984,0.0016
0.0010,0.9985,0.0005
0.0000,1.0000,0.0000
0.0002,0.9995,0.0003
0.4706,0.5109,0.0185
0.0001,0.9436,0.0563
0.0000,1.0000,0.0000
0.0207,0.3657,0.6137
0.0042,0.9954,0.0003
0.0000,1.0000,0.0000
0.0000,0.9985,0.0015
0.0000,0.9983,0.0017
0.0000,0.9997,0.0003
0.0000,1.0000,0.0000
0.0000,0.9713,0.0287
0.2497,0.6989,0.0514
0.0000,0.9996,0.0004
0.0000,0.9740,0.0260
0.0000,0.9999,0.0001
0.0002,0.9997,0.0002
0.0128,0.9859,0.0012
0.0000,0.9981,0.0019
0.0039,0.9474,0.0487
0.0002,0.9121,0.0877
0.0003,0.9996,0.0001
0.0000,0.9940,0.0060
0.0022,0.9767,0.0210
0.0032,0.6616,0.3352
0.0000,1.0000,0.0000
0.0000,0.9929,0.0070
0.0000,1.0000,0.0000
0.0012,0.9855,0.0133
0.0046,0.9871,0.0083
0.0147,0.9798,0.0055
0.0005,0.9985,0.0009
0.0038,0.9877,0.0085
0.0046,0.9730,0.0224
0.0004,0.9992,0.0005
0.0000,1.0000,0.0000
0.0145,0.9854,0.0001
0.0000,0.9998,0.0002
0.0000,0.9979,0.0021
0.0000,1.0000,0.0000
0.0011,0.9670,0.0320
0.0274,0.9714,0.0012
0.2284,0.5320,0.2396
0.1684,0.8276,0.0040
0.1267,0.8486,0.0246
0.7897,0.1514,0.0589
0.0000,0.9992,0.0008
0.0419,0.9491,0.0089
0.0000,0.9964,0.0036
0.0000,1.0000,0.0000
0.0005,0.9847,0.0149
0.0001,0.1386,0.8614
0.0661,0.9284,0.0055
0.0000,0.9992,0.0008
0.0020,0.9967,0.0013
0.0004,0.9936,0.0061
0.0000,1.0000,0.0000
0.0010,0.9964,0.0026
0.0004,0.9886,0.0111
0.0001,0.9561,0.0438
0.0002,0.9995,0.0003
0.0000,1.0000,0.0000
0.0005,0.9831,0.0164
0.8643,0.0799,0.0558
0.0000,0.9998,0.0002
0.8753,0.0939,0.0309
0.0081,0.8474,0.1445
0.0006,0.9994,0.0000
0.0153,0.7771,0.2076
0.0000,1.0000,0.0000
0.0001,0.9884,0.0115
0.0017,0.9977,0.0006
0.0040,0.1581,0.8378
0.0000,0.9998,0.0002
0.0077,0.8961,0.0962
0.0001,0.9995,0.0005
0.0005,0.9922,0.0073
0.0001,0.9981,0.0018
0.0331,0.8437,0.1232
0.0000,0.9995,0.0005
0.0017,0.5689,0.4294
0.0002,0.8854,0.1144
0.0000,0.9125,0.0874
0.0000,0.9999,0.0001
0.0000,1.0000,0.0000
0.0005,0.9825,0.0170
0.0001,0.9986,0.0014
0.0000,0.9968,0.0032
0.0002,0.9929,0.0069
0.0095,0.9903,0.0002
0.0080,0.9892,0.0027
0.0007,0.9992,0.0000
0.0000,0.9999,0.0001
0.0000,1.0000,0.0000
0.0018,0.9846,0.0136
0.0001,0.9999,0.0000
0.0000,1.0000,0.0000
0.0001,0.9866,0.0133
0.0003,0.8537,0.1460
0.0000,0.9999,0.0001
0.0000,0.9994,0.0006
0.0000,0.9998,0.0002
0.0000,0.9999,0.0001
0.0000,1.0000,0.0000
0.0011,0.9963,0.0026
0.0001,0.9942,0.0057
0.0056,0.9920,0.0024
0.2167,0.7125,0.0708
0.4073,0.3299,0.2628
0.3363,0.3865,0.2773
0.1382,0.8066,0.0552
0.1814,0.7784,0.0402
0.0000,0.6678,0.3322
0.0091,0.9882,0.0026
0.0000,0.9999,0.0001
0.0001,0.9998,0.0002
0.6356,0.1150,0.2495
0.0003,0.9997,0.0000
0.0012,0.8855,0.1133
0.0000,0.9991,0.0009
0.0000,0.9995,0.0005
0.0000,0.9999,0.0001
0.0000,0.9999,0.0001
0.0065,0.9670,0.0266
0.0000,0.9997,0.0003
0.0003,0.9917,0.0080
0.0019,0.9666,0.0315
0.0235,0.9676,0.0090
0.0498,0.9493,0.0010
0.0000,1.0000,0.0000
0.0001,0.9752,0.0247
0.0000,0.9999,0.0001
0.0024,0.9809,0.0167
0.0004,0.9996,0.0000
0.0001,0.9588,0.0411
0.0000,0.9615,0.0385
0.0065,0.9928,0.0007
0.0000,0.9997,0.0003
0.0005,0.9454,0.0541
0.0020,0.9277,0.0703
0.0243,0.9706,0.0050
0.0000,0.9995,0.0005
0.0035,0.9728,0.0236
0.0194,0.9650,0.0156
0.0005,0.9989,0.0006
0.0000,0.9982,0.0018
0.0616,0.8258,0.1126
0.0001,0.9995,0.0003
0.0040,0.9931,0.0030
0.0862,0.8800,0.0338
0.0018,0.9973,0.0009
0.0006,0.9879,0.0115
0.0000,1.0000,0.0000
0.0013,0.9937,0.0050
0.0000,0.9528,0.0471
0.0012,0.9888,0.0099
0.0000,1.0000,0.0000
0.0000,1.0000,0.0000
0.0000,0.9997,0.0002
0.0000,1.0000,0.0000
0.0001,0.9966,0.0033
0.0000,1.0000,0.0000
0.0005,0.8621,0.1374
0.0000,0.9999,0.0001
0.0007,0.2732,0.7260
0.0163,0.9829,0.0008
0.0034,0.9962,0.0004
0.0000,1.0000,0.0000
0.4021,0.5886,0.0093
0.0093,0.9898,0.0009
0.1983,0.7872,0.0145
0.0396,0.9399,0.0204
0.0039,0.7292,0.2669
0.0000,0.9958,0.0042
0.0000,0.9995,0.0005
0.0001,0.9412,0.0588
0.0000,0.9998,0.0002
0.0002,0.9983,0.0015
0.0000,0.9945,0.0055
0.2871,0.4049,0.3080
0.0008,0.9990,0.0001
0.0001,0.9983,0.0017
0.6324,0.3000,0.0676
0.4178,0.5592,0.0230
0.2682,0.7131,0.0187
0.0057,0.9936,0.0007
0.1519,0.5103,0.3378
0.0001,0.9998,0.0001
0.0000,0.9679,0.0321
0.0001,0.9999,0.0000
0.0001,0.9979,0.0021
0.0130,0.9834,0.0036
0.0000,1.0000,0.0000
0.0000,0.9978,0.0022
0.0000,0.9966,0.0033
0.0005,0.9811,0.0183
0.0000,1.0000,0.0000
0.0001,0.8340,0.1659
0.0003,0.9997,0.0000
0.0001,0.9999,0.0000
0.0032,0.9315,0.0653
0.0017,0.9917,0.0066
0.0000,0.9685,0.0315
0.0000,0.8881,0.1119
0.0000,0.9754,0.0245
0.0026,0.9974,0.0001
0.0167,0.9735,0.0098
0.0001,0.9996,0.0004
0.0000,0.9966,0.0034
0.0000,0.9882,0.0118
0.0004,0.4130,0.5866
0.0000,0.9998,0.0002
0.0000,0.0001,0.9999
0.0030,0.9966,0.0004
0.0026,0.9971,0.0003
0.6949,0.2928,0.0122
0.0002,0.9992,0.0006
0.0009,0.9862,0.0129
0.0001,0.9654,0.0346
0.1013,0.5695,0.3292
0.0210,0.4331,0.5459
0.0290,0.8851,0.0859
0.0134,0.9757,0.0109
0.8341,0.0403,0.1256
0.0000,0.9971,0.0029
0.0099,0.0875,0.9026
0.1238,0.8627,0.0135
0.0007,0.1977,0.8016
0.7955,0.1931,0.0114
0.0001,0.9943,0.0056
0.0625,0.0175,0.9200
0.0629,0.9289,0.0082
0.6232,0.3039,0.0729
0.0004,0.9310,0.0686
0.0000,0.9999,0.0001
0.0366,0.9577,0.0057
0.0037,0.9460,0.0503
0.0018,0.8509,0.1473
0.0000,0.8359,0.1640
0.0374,0.5886,0.3740
0.0000,0.9746,0.0254
0.0002,0.0961,0.9038
0.0000,0.9992,0.0008
0.0320,0.4341,0.5339
0.0351,0.9246,0.0403
0.0186,0.9811,0.0003
0.0001,0.9408,0.0591
0.0000,0.9967,0.0033
0.0348,0.0437,0.9215
0.0000,1.0000,0.0000
0.2658,0.6779,0.0562
0.0068,0.8817,0.1116
0.0005,0.2476,0.7519
0.0253,0.9327,0.0420
0.5987,0.3197,0.0816
0.0003,0.6591,0.3407
0.0037,0.3977,0.5986
0.5329,0.4519,0.0151
0.5851,0.2376,0.1772
0.6167,0.2654,0.1179
0.0001,0.7343,0.2657
0.0000,1.0000,0.0000
0.0040,0.1985,0.7975
0.9372,0.0312,0.0316
0.0118,0.9868,0.0014
0.0009,0.9892,0.0100
0.0185,0.9814,0.0001
0.0001,0.0107,0.9892
0.5697,0.1237,0.3066
0.0000,0.9979,0.0021
0.0008,0.5489,0.4503
0.0000,0.1860,0.8140
0.0065,0.9139,0.0796
0.6520,0.1469,0.2010
0.0979,0.8948,0.0073
0.0019,0.9733,0.0247
0.0000,0.9981,0.0019
0.0019,0.7920,0.2061
0.4596,0.1743,0.3661
0.0001,0.0384,0.9616
0.4297,0.4225,0.1478
0.0000,0.8763,0.1237
0.0296,0.3673,0.6031
0.0045,0.8932,0.1022
0.0012,0.7837,0.2151
0.0001,0.9910,0.0089
0.2102,0.4334,0.3565
0.0031,0.9918,0.0051
0.0001,0.9667,0.0331
0.0000,0.9999,0.0001
0.0001,0.9946,0.0053
0.0000,0.9499,0.0501
0.0001,0.9795,0.0204
0.0015,0.9719,0.0266
0.0000,0.9953,0.0047
0.0061,0.9298,0.0641
0.0043,0.9564,0.0393
0.0166,0.9149,0.0685
0.0000,0.9996,0.0004
0.0001,0.9935,0.0065
0.0183,0.9746,0.0072
0.0010,0.9977,0.0014
0.0002,0.8484,0.1514
0.0010,0.9990,0.0000
0.0003,0.7882,0.2115
0.1085,0.7180,0.1734
0.2952,0.5129,0.1920
0.0005,0.8792,0.1203
0.0229,0.9705,0.0066
0.0001,0.0209,0.9790
0.1606,0.8317,0.0077
0.2661,0.1613,0.5725
0.0011,0.7075,0.2914
0.1159,0.8758,0.0083
0.0009,0.9498,0.0493
0.0000,0.0017,0.9983
0.8668,0.0953,0.0379
0.0035,0.9441,0.0524
0.0135,0.4089,0.5775
0.1553,0.6052,0.2395
0.0062,0.9395,0.0544
0.0182,0.9743,0.0075
0.0006,0.5860,0.4134
0.0073,0.4440,0.5488
0.0008,0.6140,0.3852
0.0000,0.8307,0.1693
0.0001,0.9897,0.0102
0.0122,0.5645,0.4233
0.0206,0.5000,0.4795
0.0475,0.7397,0.2128
0.0000,0.9968,0.0032
0.3946,0.0845,0.5209
0.0014,0.9806,0.0180
0.0022,0.5993,0.3985
0.0000,0.3403,0.6597
0.0331,0.2398,0.7270
0.0197,0.1308,0.8495
0.0001,0.9453,0.0547
0.0040,0.3985,0.5976
0.6499,0.0437,0.3064
0.0116,0.7119,0.2765
0.0062,0.9278,0.0660
0.0003,0.9969,0.0028
0.0012,0.9968,0.0020
0.4571,0.2562,0.2867
0.0482,0.7855,0.1663
0.8234,0.1737,0.0029
0.0000,0.7190,0.2810
0.0135,0.7566,0.2300
0.0007,0.9903,0.0090
0.0026,0.9331,0.0643
0.0002,0.0001,0.9996
0.0000,0.0007,0.9993
0.0002,0.5936,0.4062
0.6027,0.1630,0.2343
0.0001,0.9575,0.0425
0.1622,0.8377,0.0001
0.0010,0.2049,0.7941
0.0007,0.9945,0.0048
0.0004,0.9957,0.0039
0.0001,0.9995,0.0004
0.0088,0.0491,0.9421
0.0783,0.9157,0.0060
0.0010,0.0454,0.9535
0.9541,0.0245,0.0214
0.7536,0.1070,0.1394
0.3971,0.2170,0.3859
0.3777,0.5145,0.1077
0.0362,0.8573,0.1065
0.6891,0.2451,0.0658
0.0194,0.0795,0.9011
0.0540,0.5916,0.3544
0.0712,0.9273,0.0015
0.0640,0.7577,0.1783
0.3707,0.4577,0.1715
0.0002,0.9989,0.0010
0.0000,0.9997,0.0003
0.0000,0.5483,0.4517
0.0004,0.9838,0.0159
0.3336,0.6594,0.0070
0.0843,0.7173,0.1985
0.0000,0.6622,0.3378
0.0004,0.2603,0.7392
0.0127,0.9844,0.0029
0.0000,0.8797,0.1203
0.0000,0.9383,0.0617
0.0032,0.6605,0.3363
0.0005,0.9544,0.0452
0.0033,0.9668,0.0299
0.0000,0.9959,0.0041
0.0237,0.5785,0.3978
0.0011,0.9721,0.0268
0.0015,0.9907,0.0078
0.0034,0.3147,0.6819
0.0012,0.9455,0.0533
0.0106,0.9778,0.0117
0.0001,0.8052,0.1947
0.0058,0.9879,0.0063
0.0003,0.9852,0.0145
0.2865,0.2673,0.4462
0.0512,0.9479,0.0010
0.0002,0.9996,0.0002
0.2609,0.6721,0.0670
0.9999,0.0001,0.0000
0.0000,0.9999,0.0001
0.1872,0.7820,0.0308
0.0000,0.9194,0.0806
0.0010,0.9616,0.0374
0.0017,0.9895,0.0088
0.7450,0.2512,0.0037
0.0077,0.9219,0.0704
0.0001,0.9961,0.0038
0.0761,0.1941,0.7297
0.0023,0.9902,0.0075
0.0097,0.9793,0.0109
0.9873,0.0053,0.0074
0.0240,0.3580,0.6180
0.0000,0.0010,0.9990
0.0045,0.9870,0.0084
0.0065,0.5351,0.4584
0.0001,0.9353,0.0646
0.0017,0.0183,0.9800
0.0000,0.9998,0.0001
0.0021,0.1837,0.8142
0.0000,0.9888,0.0111
0.0074,0.7606,0.2320
0.5030,0.4625,0.0346
0.0009,0.9569,0.0423
0.5591,0.3307,0.1102
0.0216,0.9060,0.0724
0.0001,0.3404,0.6595
0.0002,0.5323,0.4675
0.4887,0.5090,0.0023
0.0103,0.8768,0.1130
0.3107,0.5083,0.1810
0.8953,0.1005,0.0042
0.0217,0.9307,0.0476
0.5836,0.0206,0.3958
0.0185,0.9781,0.0033
0.0000,0.7980,0.2020
0.0240,0.5321,0.4439
0.0000,0.0222,0.9778
0.0001,0.9819,0.0180
0.1502,0.1755,0.6744
0.1495,0.8267,0.0239
0.0044,0.9950,0.0006
0.0243,0.6418,0.3339
0.0001,0.9630,0.0370
0.0004,0.4231,0.5766
0.7593,0.2389,0.0018
0.0000,0.0029,0.9970
0.0000,0.9607,0.0393
0.0034,0.9768,0.0198
0.0001,0.0793,0.9206
0.0057,0.4751,0.5192
0.0015,0.7186,0.2799
0.0639,0.9343,0.0018
0.0650,0.9134,0.0215
0.0002,0.9892,0.0106
0.0011,0.9967,0.0022
0.1751,0.8248,0.0002
0.0184,0.7884,0.1932
0.0194,0.9104,0.0702
0.1553,0.8431,0.0016
0.0008,0.7740,0.2252
0.0000,0.9999,0.0000
0.0267,0.5434,0.4299
0.9095,0.0878,0.0026
0.3180,0.6431,0.0389
0.1837,0.7305,0.0858
0.0007,0.4112,0.5881
0.1304,0.7149,0.1548
0.0002,0.6072,0.3925
0.0004,0.4503,0.5493
0.0000,0.9966,0.0034
0.0114,0.9025,0.0861
0.0003,0.3835,0.6162
0.0000,0.9936,0.0064
0.0000,0.4668,0.5332
0.0000,0.0058,0.9942
0.0109,0.9842,0.0048
0.0004,0.7179,0.2816
0.0094,0.9885,0.0021
0.0000,0.9996,0.0004
0.2306,0.7685,0.0009
0.0009,0.9988,0.0003
0.0001,0.9094,0.0905
0.0000,0.9837,0.0163
0.1276,0.5598,0.3127
0.0135,0.0428,0.9437
0.0020,0.5263,0.4717
0.6629,0.1500,0.1871
0.0017,0.9804,0.0179
0.0000,0.9788,0.0212
0.0527,0.0196,0.9277
0.0058,0.8563,0.1380
0.9376,0.0202,0.0422
0.0000,0.9372,0.0628
0.0000,0.1254,0.8745
0.9865,0.0036,0.0099
0.2963,0.6901,0.0136
0.0964,0.1154,0.7882
0.0181,0.8990,0.0829
0.0000,0.9999,0.0001
0.0519,0.9136,0.0344
0.0026,0.9962,0.0012
0.0000,0.9417,0.0583
0.0000,0.9749,0.0251
0.0000,0.0614,0.9386
0.0007,0.8588,0.1405
0.0022,0.9634,0.0344
0.4347,0.3947,0.1706
0.1915,0.6934,0.1151
0.0008,0.5937,0.4054
0.0007,0.9948,0.0044
0.0000,0.9621,0.0379
0.6195,0.3250,0.0555
0.0000,0.7758,0.2242
0.0080,0.0894,0.9026
0.2719,0.3013,0.4268
0.0000,0.9921,0.0079
0.0000,1.0000,0.0000
0.2043,0.6462,0.1496
0.0000,0.7772,0.2228
0.0008,0.9872,0.0120
0.0050,0.9948,0.0002
0.0004,0.9925,0.0071
0.0087,0.9911,0.0001
0.0014,0.0043,0.9943
0.0436,0.9430,0.0134
0.4548,0.5291,0.0161
0.1801,0.7516,0.0682
0.0007,0.8419,0.1574
0.0000,0.9884,0.0116
0.0001,0.9220,0.0779
0.0002,0.9993,0.0006
0.0000,0.9823,0.0177
0.0013,0.8354,0.1633
0.1241,0.8606,0.0153
0.0001,0.9952,0.0047
0.0242,0.5655,0.4104
0.0001,0.0569,0.9429
0.3515,0.5456,0.1029
0.0475,0.9491,0.0034
0.0000,0.9869,0.0130
0.0000,0.9963,0.0037
0.0158,0.9834,0.0008
0.0001,0.9967,0.0032
0.2058,0.7938,0.0004
0.0005,0.5651,0.4344
0.2948,0.7040,0.0012
0.0011,0.3674,0.6316
0.0027,0.9784,0.0190
0.0018,0.2416,0.7565
0.1345,0.8607,0.0048
0.0006,0.0000,0.9994
0.0015,0.0909,0.9077
0.0002,0.9997,0.0001
0.3502,0.4699,0.1799
0.0098,0.5452,0.4450
0.0007,0.5658,0.4335
0.0460,0.9536,0.0004
0.3278,0.6432,0.0290
0.0000,0.6536,0.3464
0.0186,0.9807,0.0006
0.3474,0.4346,0.2180
0.0069,0.9929,0.0003
0.0589,0.9231,0.0179
0.0062,0.9752,0.0186
0.0033,0.9216,0.0752
0.0001,0.9999,0.0000
0.0360,0.9371,0.0269
0.0000,0.9994,0.0006
0.0534,0.8834,0.0632
0.2068,0.7561,0.0371
0.0181,0.9789,0.0030
0.0013,0.9984,0.0003
0.9231,0.0166,0.0603
0.0000,0.9993,0.0006
0.4967,0.4274,0.0759
0.0144,0.9852,0.0004
0.0366,0.9553,0.0081
0.7201,0.2680,0.0119
0.0000,0.9987,0.0013
0.1139,0.7915,0.0946
0.2326,0.3253,0.4422
0.0019,0.9940,0.0041
0.0000,0.9997,0.0003
0.0064,0.8652,0.1284
0.9962,0.0007,0.0031
0.1128,0.8504,0.0368
0.0007,0.9959,0.0034
0.0006,0.9818,0.0176
0.0006,0.9930,0.0065
0.0027,0.9481,0.0492
0.0003,0.9857,0.0140
0.0002,0.9997,0.0001
0.0007,0.4926,0.5067
0.0017,0.3688,0.6295
0.0000,0.9911,0.0089
0.0001,0.9398,0.0601
0.2288,0.4409,0.3302
0.0015,0.1798,0.8187
0.0010,0.9745,0.0244
0.0000,0.9999,0.0001
0.0260,0.9546,0.0194
0.0000,0.9995,0.0004
0.2020,0.5616,0.2364
0.0010,0.6771,0.3219
0.0000,0.0555,0.9445
0.0012,0.4047,0.5941
0.0446,0.8657,0.0896
0.0010,0.9687,0.0303
0.0000,0.9957,0.0043
0.0002,0.0167,0.9832
0.0000,0.9994,0.0005
0.0001,0.2212,0.7787
0.1048,0.8892,0.0059
0.0012,0.7795,0.2193
0.0055,0.9744,0.0202
0.5543,0.4085,0.0371
0.0204,0.8351,0.1446
0.0003,0.7009,0.2989
0.0004,0.9116,0.0880
0.0011,0.9986,0.0003
0.0121,0.4751,0.5128
0.1121,0.6427,0.2451
0.6602,0.3385,0.0012
0.0327,0.0478,0.9195
0.9444,0.0551,0.0005
0.0000,0.9552,0.0447
0.0000,0.9999,0.0001
0.0001,0.9907,0.0092
0.0000,0.9374,0.0626
0.0000,0.9825,0.0175
0.0164,0.4079,0.5757
0.0030,0.9967,0.0003
0.0105,0.2075,0.7820
0.0002,0.9604,0.0394
0.0003,0.0056,0.9941
0.0478,0.6218,0.3304
0.0000,0.0623,0.9377
0.7866,0.0297,0.1837
0.0002,0.9977,0.0021
0.0015,0.3963,0.6022
0.3776,0.6131,0.0093
0.2609,0.6810,0.0581
0.0024,0.2543,0.7433
0.1337,0.8655,0.0008
0.0005,0.9064,0.0931
0.0092,0.0723,0.9185
0.1246,0.8455,0.0300
0.7100,0.2862,0.0038
0.0024,0.4112,0.5864
0.0622,0.8754,0.0624
0.0010,0.9964,0.0026
0.0069,0.8538,0.1393
0.0011,0.9847,0.0142
0.0568,0.4152,0.5280
0.0000,0.0003,0.9997
0.0000,0.9632,0.0368
0.0000,0.9906,0.0094
0.0017,0.9835,0.0148
0.0337,0.8583,0.1080
0.0012,0.8286,0.1702
1.0000,0.0000,0.0000
0.0003,0.2595,0.7402
0.0103,0.6710,0.3187
0.0032,0.7949,0.2019
0.0000,0.9987,0.0013
0.2688,0.7291,0.0021
0.0000,0.9995,0.0004
0.0000,0.9912,0.0088
0.0000,0.8150,0.1850
0.0479,0.1080,0.8442
0.0000,1.0000,0.0000
0.0006,0.1186,0.8808
0.0209,0.3180,0.6611
0.0192,0.9733,0.0075
0.9901,0.0053,0.0047
0.0095,0.9346,0.0558
0.5690,0.1723,0.2587
0.6339,0.3575,0.0086
0.1542,0.7815,0.0643
0.0037,0.9444,0.0519
0.0095,0.9867,0.0038
0.1663,0.8334,0.0004
0.0830,0.8703,0.0467
0.0000,0.0156,0.9843
0.0190,0.2840,0.6970
0.8617,0.1365,0.0018
0.0711,0.4719,0.4570
0.0204,0.9794,0.0002
0.0000,0.9998,0.0002
0.0002,0.9732,0.0265
0.5818,0.2895,0.1287
0.0002,0.9946,0.0052
0.0000,0.9985,0.0015
0.0001,0.8120,0.1879
0.6773,0.3035,0.0193
0.0539,0.8326,0.1136
0.0003,0.9502,0.0495
0.0095,0.8649,0.1256
0.4978,0.3721,0.1302
0.0640,0.4959,0.4401
0.1380,0.3129,0.5492
0.0448,0.9465,0.0087
0.0300,0.5522,0.4179
0.0006,0.8895,0.1099
0.9172,0.0222,0.0606
0.0000,0.9996,0.0003
0.0003,0.6548,0.3449
0.0733,0.9052,0.0215
0.0000,0.8829,0.1171
0.0004,0.9499,0.0497
0.0040,0.1325,0.8635
0.0000,0.9997,0.0003
0.3126,0.0746,0.6128
0.3540,0.3529,0.2931
0.0000,1.0000,0.0000
0.1223,0.7742,0.1035
0.3413,0.4425,0.2161
0.1912,0.6054,0.2034
0.0004,0.0791,0.9204
0.0262,0.9630,0.0107
0.1234,0.6148,0.2618
0.0073,0.7861,0.2066
0.0000,0.0817,0.9183
0.0004,0.9956,0.0039
0.0000,0.0593,0.9407
0.0014,0.1087,0.8899
0.0000,0.9972,0.0028
0.0002,0.3591,0.6407
0.0000,0.2633,0.7367
0.0034,0.0936,0.9031
0.0079,0.9917,0.0003
0.0067,0.4020,0.5913
0.0162,0.2385,0.7453
0.0001,0.0186,0.9813
0.0179,0.3840,0.5981
0.0035,0.9598,0.0366
0.0000,0.9898,0.0102
0.0003,0.1569,0.8428
0.0002,0.9996,0.0002
0.0002,0.9803,0.0195
0.0064,0.9920,0.0017
0.0035,0.1330,0.8635
0.0000,0.5261,0.4739
0.0000,0.9999,0.0001
0.0122,0.9782,0.0097
0.0184,0.9788,0.0028
0.0023,0.8173,0.1805
0.1245,0.8619,0.0136
0.1491,0.8428,0.0082
0.0001,0.1535,0.8464
0.0000,0.9783,0.0216
0.2805,0.7148,0.0047
0.0590,0.9296,0.0114
0.0570,0.5393,0.4037
0.0661,0.8017,0.1323
0.0219,0.2978,0.6803
0.0000,0.9566,0.0433
0.7618,0.2152,0.0230
0.0313,0.9175,0.0512
0.3419,0.6579,0.0002
0.0000,0.9996,0.0003
0.0000,0.0012,0.9988
0.0012,0.9702,0.0286
0.0000,0.3094,0.6906
0.0044,0.6413,0.3543
0.0093,0.7568,0.2339
0.0005,0.8947,0.1048
0.9926,0.0030,0.0043
0.0004,0.8958,0.1038
0.0001,0.7908,0.2091
0.0000,0.0118,0.9881
0.0007,0.9779,0.0214
0.0120,0.9830,0.0049
0.0001,0.2623,0.7375
0.0090,0.9669,0.0241
0.1490,0.8193,0.0317
0.0031,0.3670,0.6298
0.6711,0.2484,0.0805
0.0000,0.9846,0.0154
0.2228,0.0081,0.7692
0.0001,0.9861,0.0137
0.0991,0.8802,0.0207
0.0000,1.0000,0.0000
0.0002,0.0144,0.9855
0.0005,0.9986,0.0009
0.0002,0.8772,0.1226
0.0000,0.9995,0.0005
0.0001,0.9668,0.0330
0.0261,0.1113,0.8627
0.9255,0.0684,0.0062
0.0228,0.4584,0.5188
0.0008,0.1003,0.8989
0.0000,1.0000,0.0000
0.0019,0.9649,0.0332
0.0031,0.3362,0.6607
0.0000,0.9739,0.0260
0.0022,0.1703,0.8276
0.5604,0.1899,0.2497
0.0019,0.8926,0.1056
0.0613,0.5996,0.3390
0.0004,0.5024,0.4972
0.2246,0.6419,0.1335
0.0556,0.8961,0.0482
0.0051,0.9573,0.0375
0.0002,0.6232,0.3766
0.0204,0.7884,0.1912
0.0010,0.0894,0.9096
0.0001,0.8503,0.1496
0.0000,0.9992,0.0008
0.0083,0.9765,0.0152
0.0027,0.9310,0.0663
0.0029,0.9970,0.0002
0.9347,0.0592,0.0061
0.0220,0.9450,0.0330
0.0001,0.9996,0.0003
0.7613,0.0122,0.2266
0.0025,0.9969,0.0006
0.0148,0.9375,0.0477
0.0799,0.4088,0.5113
0.0313,0.3898,0.5789
0.0945,0.6121,0.2933
0.0072,0.9898,0.0030
0.0908,0.2284,0.6808
0.0004,0.9889,0.0107
0.5260,0.3321,0.1419
0.0000,0.9940,0.0060
0.0000,0.9999,0.0001
0.0000,0.9936,0.0064
0.0000,0.9997,0.0003
0.0000,0.9998,0.0002
0.0001,0.9970,0.0029
0.0943,0.1931,0.7125
0.4928,0.1830,0.3242
0.0000,0.9998,0.0002
0.0000,0.9998,0.0002
0.0119,0.9747,0.0134
0.0007,0.2827,0.7166
0.9970,0.0029,0.0001
0.8239,0.1719,0.0042
0.0000,0.9211,0.0789
0.0006,0.9667,0.0327
0.2215,0.7728,0.0057
0.0020,0.8935,0.1046
0.0160,0.9157,0.0683
0.0998,0.8836,0.0167
0.1861,0.6218,0.1921
0.5214,0.1995,0.2791
0.1449,0.8540,0.0012
0.0154,0.4467,0.5378
0.0000,0.9906,0.0094
0.0000,0.9682,0.0318
0.0007,0.9991,0.0003
0.0998,0.8209,0.0793
0.0000,0.9590,0.0410
0.0008,0.9337,0.0655
0.7972,0.1999,0.0030
0.0564,0.4049,0.5386
0.0000,0.9564,0.0436
0.0237,0.8935,0.0828
0.0004,0.8806,0.1190
0.0000,0.9969,0.0031
0.0029,0.9852,0.0119
0.6519,0.3460,0.0021
0.0047,0.9663,0.0290
0.0646,0.5080,0.4274
0.1476,0.0330,0.8195
0.0001,0.9992,0.0007
0.1522,0.8468,0.0010
0.0041,0.9657,0.0302
0.0000,1.0000,0.0000
0.0914,0.3446,0.5640
0.3507,0.1522,0.4971
0.0001,0.2930,0.7070
0.0002,0.0635,0.9363
0.0000,0.9828,0.0171
0.0000,0.4043,0.5957
0.0000,0.9959,0.0040
0.0483,0.9485,0.0032
0.6520,0.3371,0.0109
0.0803,0.9183,0.0015
0.0009,0.2822,0.7168
0.0002,0.9760,0.0239
0.0011,0.1919,0.8070
0.0480,0.0475,0.9046
0.5651,0.4073,0.0276
0.0016,0.9968,0.0016
0.0000,0.9999,0.0001
0.0383,0.6100,0.3517
0.0004,0.3040,0.6956
0.0003,0.9743,0.0254
0.0003,0.8266,0.1731
0.0000,0.8943,0.1057
0.0005,0.9993,0.0002
0.0001,0.9785,0.0214
0.0010,0.9989,0.0001
0.9911,0.0060,0.0029
0.0019,0.5384,0.4597
0.0003,0.9828,0.0169
0.1507,0.8490,0.0003
0.0018,0.8846,0.1137
0.9836,0.0146,0.0018
0.8202,0.1664,0.0135
0.0000,0.9738,0.0262
0.0003,0.8088,0.1909
0.0000,0.8904,0.1095
0.0179,0.8722,0.1099
0.0818,0.3084,0.6098
0.1670,0.6953,0.1377
0.0000,0.9760,0.0240
0.0017,0.8084,0.1899
0.0007,0.9319,0.0674
0.0000,0.9999,0.0000
0.0001,0.9441,0.0558
0.0035,0.9565,0.0400
0.2410,0.6191,0.1399
0.1958,0.7715,0.0328
0.0881,0.9089,0.0030
0.8916,0.1035,0.0050
0.0000,0.5864,0.4136
0.0010,0.5465,0.4525
0.0069,0.7558,0.2373
0.0578,0.6542,0.2880
0.3236,0.6204,0.0560
0.0230,0.7837,0.1933
0.0001,0.2482,0.7517
0.0015,0.9822,0.0162
0.0478,0.9488,0.0034
0.0003,0.3048,0.6949
0.0009,0.9811,0.0180
0.0074,0.9294,0.0632
0.0001,0.9991,0.0008
0.0009,0.7605,0.2385
0.0086,0.7764,0.2150
0.0072,0.9652,0.0276
0.7811,0.2078,0.0111
0.0060,0.9224,0.0716
0.0032,0.9745,0.0224
0.0053,0.9899,0.0048
0.6314,0.3634,0.0052
0.0002,0.9828,0.0170
0.0219,0.8504,0.1277
0.0040,0.7950,0.2010
0.8208,0.1056,0.0736
0.7063,0.0914,0.2024
0.8113,0.1221,0.0667
0.0001,0.9458,0.0541
0.0019,0.9907,0.0074
0.0005,0.9985,0.0010
0.3479,0.6295,0.0226
0.0045,0.9040,0.0916
0.0002,0.7682,0.2316
0.0000,0.9951,0.0049
0.0007,0.8000,0.1993
0.0504,0.9169,0.0327
0.0017,0.6377,0.3606
0.0000,0.4410,0.5590
0.2284,0.5248,0.2467
0.0069,0.9892,0.0040
0.0000,0.9796,0.0204
0.0500,0.9058,0.0441
0.0000,0.9999,0.0001
0.0001,0.9818,0.0180
0.0000,0.9930,0.0069
0.0001,0.9992,0.0007
0.0005,0.9821,0.0174
0.1946,0.8039,0.0016
0.0009,0.9029,0.0961
0.0000,0.9995,0.0005
0.0000,0.9999,0.0001
0.0030,0.9965,0.0006
0.0020,0.9978,0.0003
0.0000,1.0000,0.0000
0.0000,0.9987,0.0013
0.0542,0.7763,0.1694
0.0252,0.9748,0.0000
0.0341,0.9491,0.0169
0.0000,0.9991,0.0008
0.4722,0.4837,0.0441
0.0000,1.0000,0.0000
0.0000,1.0000,0.0000
0.9636,0.0257,0.0107
0.0003,0.6372,0.3624
0.0000,0.8935,0.1064
0.0000,0.9999,0.0000
0.0001,0.8354,0.1645
0.0002,0.9994,0.0004
0.1108,0.8405,0.0487
0.0098,0.9896,0.0006
0.0000,0.9998,0.0002
0.0144,0.2202,0.7654
0.0093,0.9907,0.0000
0.0520,0.9456,0.0024
0.0000,0.9995,0.0005
0.0105,0.9216,0.0679
0.0024,0.9954,0.0022
0.0722,0.8699,0.0578
0.0017,0.9951,0.0032
0.1123,0.5705,0.3172
0.0005,0.9989,0.0007
0.0001,0.9963,0.0036
0.0000,1.0000,0.0000
0.0000,1.0000,0.0000
0.0000,1.0000,0.0000
0.0000,1.0000,0.0000
0.0000,0.9989,0.0011
0.0018,0.5403,0.4579
0.0001,0.9999,0.0001
0.6754,0.2623,0.0623
0.2643,0.7346,0.0011
0.0000,0.9085,0.0915
0.0053,0.9897,0.0050
0.2507,0.6987,0.0505
0.0094,0.9903,0.0003
0.0437,0.9556,0.0007
0.1094,0.7304,0.1602
0.0002,0.9976,0.0022
0.0000,0.9986,0.0014
0.0000,1.0000,0.0000
0.0020,0.9940,0.0041
0.0231,0.9690,0.0080
0.0010,0.9989,0.0001
0.9003,0.0774,0.0223
0.0000,0.5750,0.4250
0.4849,0.4720,0.0431
0.6487,0.2779,0.0733
0.6270,0.3385,0.0345
0.2754,0.6083,0.1163
0.0000,0.8155,0.1845
0.0021,0.3962,0.6017
0.0005,0.9980,0.0015
0.0000,1.0000,0.0000
0.0009,0.6305,0.3686
0.0000,0.8510,0.1490
0.0271,0.9724,0.0004
0.0012,0.9987,0.0002
0.0001,0.9995,0.0003
0.1153,0.8841,0.0006
0.0000,1.0000,0.0000
0.0000,0.9935,0.0065
0.0000,1.0000,0.0000
0.0000,0.9996,0.0004
0.0085,0.9782,0.0133
0.0000,0.9999,0.0001
0.0001,0.9994,0.0004
0.0000,0.9956,0.0044
0.0388,0.4833,0.4778
0.0001,0.9942,0.0057
0.0000,1.0000,0.0000
0.0032,0.9965,0.0002
0.0001,0.9901,0.0098
0.0004,0.8095,0.1901
0.0000,0.9999,0.0001
0.0172,0.3494,0.6334
0.0085,0.9895,0.0020
0.0010,0.9965,0.0025
0.0002,0.9989,0.0009
0.1239,0.8636,0.0125
0.0000,0.9998,0.0002
0.1376,0.8508,0.0116
0.0001,0.9996,0.0003
0.1075,0.8543,0.0382
0.0596,0.9135,0.0270
0.0034,0.9950,0.0015
0.0169,0.9361,0.0470
0.0070,0.9917,0.0012
0.8046,0.1953,0.0001
0.0000,0.9998,0.0002
0.9576,0.0128,0.0296
0.0325,0.8928,0.0747
0.0002,0.0011,0.9988
0.0014,0.1224,0.8762
0.0000,0.9999,0.0001
0.1559,0.7159,0.1282
0.0002,0.4315,0.5682
0.0005,0.9829,0.0165
0.0012,0.9975,0.0013
0.8743,0.1002,0.0254
0.0000,0.9794,0.0206
0.9254,0.0257,0.0489
0.0208,0.9586,0.0206
0.0446,0.7824,0.1729
0.0533,0.4225,0.5243
0.0002,0.9919,0.0079
0.0005,0.0474,0.9521
0.0000,0.0000,1.0000
0.0000,0.8446,0.1554
0.5881,0.2834,0.1285
0.0014,0.9683,0.0302
0.0036,0.5866,0.4099
0.0001,0.8690,0.1309
0.0021,0.0034,0.9945
0.0000,0.9902,0.0097
0.0016,0.6638,0.3346
0.0006,0.8564,0.1430
0.0000,0.0000,1.0000
0.0000,0.9872,0.0128
0.0227,0.2154,0.7619
0.0011,0.9961,0.0028
0.0024,0.1644,0.8332
0.1194,0.8500,0.0306
0.0023,0.9890,0.0087
0.0143,0.8399,0.1459
0.7494,0.2317,0.0188
